0 0.895312 0.054688 0.137500 0.084375
0 0.857812 0.200000 0.106250 0.087500
0 0.932813 0.534375 0.100000 0.128125
0 0.124219 0.857031 0.101562 0.104688
0 0.392188 0.847656 0.128125 0.070312
0 0.314844 0.336719 0.101562 0.070312
0 0.421094 0.334375 0.073438 0.065625
0 0.450781 0.296094 0.117188 0.073438
0 0.175000 0.395313 0.103125 0.087500
0 0.070312 0.489844 0.103125 0.067187
0 0.078906 0.407813 0.082812 0.062500
0 0.232031 0.175781 0.064062 0.057813
0 0.304688 0.218750 0.075000 0.059375
0 0.515625 0.414062 0.071875 0.056250
0 0.500000 0.489063 0.081250 0.053125
0 0.710938 0.534375 0.121875 0.081250
0 0.796094 0.449219 0.073438 0.060937
0 0.670312 0.221875 0.115625 0.056250
0 0.710156 0.282813 0.092188 0.062500
0 0.542188 0.335938 0.087500 0.068750
0 0.536719 0.220312 0.073438 0.059375
0 0.678125 0.147656 0.075000 0.070312
0 0.966406 0.208594 0.067187 0.089063
0 0.971094 0.672656 0.057813 0.095312
0 0.731250 0.667969 0.159375 0.073438
0 0.675781 0.764062 0.126562 0.100000
0 0.728125 0.967969 0.115625 0.064062
0 0.042969 0.210156 0.085938 0.082812
0 0.185156 0.249219 0.123438 0.082812
0 0.114062 0.110937 0.078125 0.068750
0 0.386719 0.135937 0.085938 0.071875
0 0.460938 0.054688 0.121875 0.059375
0 0.017188 0.330469 0.034375 0.079687
0 0.023438 0.833594 0.046875 0.064062
0 0.067187 0.952344 0.043750 0.045312
0 0.575781 0.945312 0.057813 0.087500
0 0.682813 0.841406 0.053125 0.045312
0 0.782813 0.828125 0.062500 0.034375
0 0.916406 0.949219 0.051562 0.067187
0 0.800781 0.945312 0.057813 0.043750
0 0.867188 0.849219 0.062500 0.054688
0 0.920312 0.313281 0.031250 0.057813
0 0.905469 0.372656 0.048438 0.057813
0 0.503125 0.531250 0.043750 0.034375
0 0.305469 0.400000 0.035937 0.050000
0 0.351562 0.962500 0.056250 0.062500
