0 0.055469 0.068750 0.110937 0.100000
0 0.080469 0.225781 0.132812 0.082812
0 0.125781 0.626563 0.098437 0.062500
0 0.203906 0.889844 0.117188 0.082812
0 0.139844 0.966406 0.104688 0.067187
0 0.300000 0.553125 0.106250 0.096875
0 0.178906 0.075781 0.079687 0.048438
0 0.259375 0.116406 0.109375 0.064062
0 0.806250 0.067969 0.084375 0.095312
0 0.855469 0.201563 0.117188 0.103125
0 0.755469 0.314844 0.067187 0.048438
0 0.887500 0.375000 0.084375 0.056250
0 0.408594 0.353906 0.123438 0.054688
0 0.401562 0.412500 0.109375 0.059375
0 0.463281 0.285938 0.104688 0.078125
0 0.431250 0.607812 0.103125 0.084375
0 0.518750 0.726562 0.131250 0.103125
0 0.403125 0.807813 0.075000 0.071875
0 0.484375 0.946094 0.084375 0.064062
0 0.960938 0.902344 0.078125 0.070312
0 0.891406 0.810937 0.110937 0.093750
0 0.821875 0.716406 0.106250 0.067187
0 0.906250 0.623437 0.156250 0.075000
0 0.740625 0.617188 0.065625 0.043750
0 0.460156 0.506250 0.057813 0.071875
0 0.581250 0.427344 0.059375 0.051562
0 0.857031 0.448437 0.070312 0.068750
0 0.728906 0.507812 0.076563 0.065625
0 0.646875 0.389062 0.056250 0.056250
0 0.338281 0.716406 0.048438 0.042188
0 0.128906 0.742969 0.107813 0.092188
0 0.345313 0.502344 0.071875 0.039062
0 0.739062 0.014063 0.090625 0.028125
0 0.310156 0.065625 0.051562 0.053125
0 0.528906 0.166406 0.039062 0.035937
0 0.429688 0.893750 0.043750 0.040625
0 0.353125 0.928125 0.050000 0.053125
0 0.722656 0.176563 0.073438 0.050000
0 0.610156 0.155469 0.064062 0.035937
0 0.415625 0.182812 0.134375 0.075000
