0 0.303125 0.043750 0.109375 0.087500
0 0.562500 0.082031 0.125000 0.098437
0 0.435937 0.142969 0.106250 0.076563
0 0.261719 0.142187 0.095312 0.071875
0 0.056250 0.057813 0.078125 0.078125
0 0.848437 0.252344 0.103125 0.073438
0 0.595313 0.279687 0.146875 0.090625
0 0.657031 0.378125 0.148438 0.065625
0 0.949219 0.418750 0.101562 0.081250
0 0.723437 0.461719 0.178125 0.082812
0 0.425000 0.392969 0.131250 0.054688
0 0.295312 0.360938 0.100000 0.062500
0 0.304688 0.298438 0.068750 0.062500
0 0.123438 0.486719 0.087500 0.045312
0 0.106250 0.542188 0.096875 0.037500
0 0.208594 0.564063 0.073438 0.056250
0 0.328906 0.489063 0.089063 0.062500
0 0.589844 0.557031 0.129688 0.064062
0 0.740625 0.742188 0.109375 0.056250
0 0.035937 0.825000 0.071875 0.087500
0 0.015625 0.250000 0.031250 0.090625
0 0.508594 0.634375 0.067187 0.062500
0 0.443750 0.817187 0.093750 0.059375
0 0.700781 0.173437 0.060937 0.046875
0 0.513281 0.322656 0.054688 0.032813
0 0.155469 0.429688 0.048438 0.028125
0 0.349219 0.596094 0.039062 0.042188
