0 0.253125 0.164062 0.112500 0.071875
0 0.780469 0.035156 0.092188 0.070312
0 0.906250 0.096875 0.103125 0.075000
0 0.904687 0.172656 0.084375 0.048438
0 0.907813 0.249219 0.100000 0.067187
0 0.985156 0.255469 0.029687 0.054688
0 0.961719 0.343750 0.076563 0.062500
0 0.622656 0.439844 0.098437 0.107813
0 0.918750 0.492188 0.093750 0.075000
0 0.852344 0.555469 0.085938 0.082812
0 0.914062 0.709375 0.100000 0.084375
0 0.770312 0.729688 0.125000 0.106250
0 0.860938 0.797656 0.093750 0.092188
0 0.844531 0.879687 0.089063 0.059375
0 0.977344 0.933594 0.045312 0.054688
0 0.466406 0.897656 0.104688 0.095312
0 0.214844 0.954688 0.129688 0.090625
0 0.775000 0.600781 0.071875 0.060937
