0 0.100000 0.114062 0.131250 0.109375
0 0.104688 0.196094 0.103125 0.073438
0 0.056250 0.238281 0.112500 0.070312
0 0.229687 0.146875 0.043750 0.062500
0 0.678125 0.047656 0.075000 0.073438
0 0.596094 0.040625 0.079687 0.071875
0 0.502344 0.119531 0.057813 0.051562
0 0.628906 0.110937 0.054688 0.053125
0 0.191406 0.341406 0.082812 0.076563
0 0.057031 0.389844 0.060937 0.060937
0 0.435937 0.359375 0.071875 0.068750
0 0.610156 0.373437 0.045312 0.075000
0 0.814844 0.460156 0.057813 0.051562
0 0.871875 0.546875 0.075000 0.068750
0 0.562500 0.653125 0.071875 0.059375
0 0.288281 0.550000 0.067187 0.056250
0 0.245312 0.506250 0.068750 0.053125
0 0.041406 0.704688 0.082812 0.084375
0 0.403125 0.913281 0.096875 0.064062
0 0.419531 0.839844 0.079687 0.064062
0 0.714844 0.618750 0.060937 0.043750
0 0.645312 0.643750 0.059375 0.053125
0 0.517969 0.306250 0.082812 0.078125
0 0.300000 0.774219 0.071875 0.060937
0 0.418750 0.272656 0.040625 0.035937
0 0.106250 0.531250 0.040625 0.040625
0 0.062500 0.447656 0.043750 0.035937
0 0.888281 0.110156 0.070312 0.067187
0 0.892969 0.257812 0.035937 0.040625
0 0.679688 0.942187 0.071875 0.040625
0 0.987500 0.068750 0.025000 0.059375
