0 0.073438 0.185156 0.059375 0.070312
0 0.139844 0.212500 0.067187 0.078125
0 0.551562 0.054688 0.084375 0.087500
0 0.721094 0.206250 0.117188 0.100000
0 0.867969 0.235156 0.135937 0.126562
0 0.615625 0.325781 0.112500 0.104688
0 0.435937 0.367188 0.084375 0.084375
0 0.357031 0.410156 0.085938 0.060937
0 0.250781 0.514062 0.092188 0.056250
0 0.788281 0.511719 0.089063 0.076563
0 0.885156 0.515625 0.070312 0.056250
0 0.321875 0.656250 0.087500 0.062500
0 0.110937 0.386719 0.081250 0.067187
0 0.521875 0.550000 0.046875 0.043750
0 0.965625 0.835938 0.068750 0.078125
0 0.025000 0.917188 0.050000 0.075000
0 0.293750 0.860156 0.078125 0.039062
0 0.085938 0.751563 0.050000 0.037500
0 0.964844 0.595313 0.070312 0.059375
0 0.087500 0.639062 0.100000 0.071875
0 0.674219 0.729688 0.073438 0.053125
0 0.592969 0.737500 0.048438 0.050000
0 0.817969 0.978125 0.048438 0.043750
