0 0.251563 0.252344 0.125000 0.098437
0 0.250000 0.372656 0.062500 0.051562
0 0.344531 0.418750 0.076563 0.040625
0 0.292969 0.528125 0.135937 0.115625
0 0.241406 0.626563 0.114062 0.068750
0 0.479687 0.593750 0.040625 0.037500
0 0.207031 0.760938 0.092188 0.093750
0 0.114062 0.921094 0.093750 0.132812
0 0.235937 0.907813 0.084375 0.062500
0 0.296875 0.977344 0.056250 0.045312
0 0.206250 0.968750 0.053125 0.046875
0 0.291406 0.783594 0.070312 0.060937
0 0.379688 0.906250 0.043750 0.037500
0 0.485938 0.962500 0.050000 0.046875
0 0.856250 0.618750 0.053125 0.040625
0 0.950781 0.615625 0.098437 0.071875
0 0.937500 0.921094 0.065625 0.048438
0 0.883594 0.584375 0.067187 0.043750
0 0.555469 0.810156 0.057813 0.051562
0 0.743750 0.746094 0.053125 0.045312
0 0.776563 0.701562 0.087500 0.056250
0 0.719531 0.656250 0.048438 0.065625
0 0.806250 0.352344 0.050000 0.048438
0 0.778125 0.042188 0.078125 0.084375
0 0.666406 0.288281 0.082812 0.064062
0 0.930469 0.417187 0.039062 0.034375
0 0.407813 0.436719 0.043750 0.035937
0 0.472656 0.362500 0.039062 0.028125
0 0.389844 0.621094 0.035937 0.035937
0 0.722656 0.521094 0.029687 0.032813
0 0.839063 0.881250 0.031250 0.025000
0 0.658594 0.660156 0.060937 0.079687
0 0.297656 0.724219 0.032813 0.035937
0 0.456250 0.787500 0.071875 0.050000
0 0.476562 0.077344 0.109375 0.060937
0 0.232031 0.433594 0.032813 0.026562
0 0.043750 0.368750 0.087500 0.075000
