0 0.301563 0.023438 0.068750 0.046875
0 0.803125 0.033594 0.065625 0.051562
0 0.893750 0.033594 0.053125 0.045312
0 0.953906 0.083594 0.060937 0.035937
0 0.838281 0.117969 0.057813 0.054688
0 0.783594 0.157812 0.057813 0.056250
0 0.668750 0.194531 0.059375 0.060937
0 0.487500 0.227344 0.053125 0.042188
0 0.418750 0.319531 0.068750 0.060937
0 0.217969 0.325000 0.060937 0.056250
0 0.054688 0.350000 0.071875 0.068750
0 0.146875 0.407031 0.046875 0.045312
0 0.206250 0.420312 0.046875 0.034375
0 0.077344 0.507031 0.070312 0.073438
0 0.092969 0.436719 0.060937 0.039062
0 0.284375 0.467187 0.071875 0.062500
0 0.492969 0.385937 0.051562 0.050000
0 0.433594 0.373437 0.039062 0.046875
0 0.467187 0.464062 0.059375 0.043750
0 0.759375 0.448437 0.046875 0.043750
0 0.857812 0.444531 0.043750 0.029687
0 0.956250 0.472656 0.043750 0.035937
0 0.139063 0.607812 0.087500 0.056250
0 0.290625 0.587500 0.068750 0.087500
0 0.275781 0.674219 0.054688 0.054688
0 0.175781 0.699219 0.064062 0.051562
0 0.701562 0.506250 0.090625 0.053125
0 0.589063 0.629687 0.053125 0.043750
0 0.828125 0.517188 0.075000 0.053125
0 0.688281 0.601562 0.060937 0.037500
0 0.875781 0.630469 0.073438 0.057813
0 0.854688 0.714844 0.043750 0.045312
0 0.831250 0.758594 0.040625 0.035937
0 0.912500 0.731250 0.043750 0.034375
0 0.871094 0.753125 0.039062 0.040625
0 0.763281 0.832031 0.042188 0.045312
0 0.764062 0.884375 0.050000 0.034375
0 0.668750 0.850000 0.059375 0.056250
0 0.525000 0.821875 0.059375 0.050000
0 0.420312 0.836719 0.040625 0.039062
0 0.382812 0.903906 0.056250 0.039062
0 0.421094 0.980469 0.051562 0.039062
0 0.475000 0.961719 0.043750 0.045312
0 0.032813 0.800781 0.065625 0.079687
0 0.212500 0.748437 0.062500 0.075000
0 0.279687 0.854688 0.053125 0.059375
0 0.032813 0.968750 0.065625 0.062500
0 0.635156 0.119531 0.054688 0.054688
0 0.931250 0.136719 0.071875 0.067187
0 0.628125 0.244531 0.043750 0.054688
0 0.091406 0.299219 0.045312 0.035937
0 0.166406 0.655469 0.064062 0.032813
0 0.400781 0.409375 0.042188 0.046875
0 0.439844 0.236719 0.032813 0.026562
0 0.289844 0.722656 0.067187 0.064062
0 0.256250 0.785156 0.059375 0.076563
