0 0.105469 0.071875 0.110937 0.068750
0 0.406250 0.085938 0.053125 0.056250
0 0.368750 0.142187 0.071875 0.078125
0 0.469531 0.117969 0.048438 0.042188
0 0.627344 0.067187 0.060937 0.050000
0 0.661719 0.114062 0.045312 0.050000
0 0.932813 0.110156 0.075000 0.064062
0 0.571094 0.154688 0.085938 0.084375
0 0.504687 0.214844 0.078125 0.089063
0 0.377344 0.256250 0.082812 0.065625
0 0.024219 0.251563 0.048438 0.059375
0 0.028906 0.321094 0.057813 0.085938
0 0.044531 0.414062 0.079687 0.062500
0 0.111719 0.377344 0.042188 0.045312
0 0.260937 0.164844 0.050000 0.045312
0 0.228906 0.399219 0.067187 0.076563
0 0.308594 0.373437 0.070312 0.068750
0 0.071094 0.581250 0.060937 0.071875
0 0.107813 0.632031 0.065625 0.054688
0 0.123438 0.577344 0.043750 0.048438
0 0.132031 0.698438 0.057813 0.059375
0 0.716406 0.336719 0.064062 0.073438
0 0.960156 0.782813 0.079687 0.100000
0 0.669531 0.817187 0.057813 0.109375
0 0.369531 0.726562 0.064062 0.071875
0 0.313281 0.728125 0.064062 0.068750
0 0.250781 0.693750 0.070312 0.056250
0 0.587500 0.844531 0.081250 0.057813
0 0.235156 0.888281 0.048438 0.045312
0 0.053906 0.786719 0.054688 0.073438
0 0.016406 0.921875 0.032813 0.078125
0 0.164844 0.981250 0.064062 0.037500
0 0.064844 0.917188 0.064062 0.071875
0 0.121094 0.896875 0.048438 0.046875
0 0.461719 0.441406 0.042188 0.029687
0 0.597656 0.715625 0.057813 0.068750
0 0.182812 0.667969 0.046875 0.045312
0 0.264062 0.628906 0.053125 0.048438
0 0.297656 0.509375 0.039062 0.034375
0 0.510938 0.530469 0.068750 0.054688
0 0.293750 0.437500 0.046875 0.037500
0 0.832031 0.246875 0.042188 0.040625
0 0.870313 0.793750 0.040625 0.040625
0 0.566406 0.978906 0.051562 0.042188
0 0.343750 0.210156 0.084375 0.032813
0 0.824219 0.413281 0.045312 0.051562
0 0.868750 0.407813 0.040625 0.053125
