0 0.050000 0.028125 0.056250 0.056250
0 0.671875 0.053906 0.065625 0.107813
0 0.956250 0.035156 0.087500 0.070312
0 0.591406 0.080469 0.076563 0.057813
0 0.016406 0.168750 0.032813 0.059375
0 0.063281 0.151562 0.057813 0.068750
0 0.128906 0.144531 0.060937 0.085938
0 0.237500 0.129688 0.056250 0.053125
0 0.160156 0.231250 0.070312 0.059375
0 0.567187 0.220312 0.059375 0.065625
0 0.610938 0.307031 0.053125 0.051562
0 0.522656 0.351562 0.057813 0.053125
0 0.542969 0.389062 0.051562 0.034375
0 0.842187 0.375000 0.078125 0.090625
0 0.881250 0.445312 0.078125 0.053125
0 0.812500 0.535937 0.100000 0.090625
0 0.942187 0.587500 0.081250 0.078125
0 0.775000 0.685937 0.081250 0.081250
0 0.748437 0.805469 0.062500 0.064062
0 0.697656 0.527344 0.085938 0.092188
0 0.526563 0.500000 0.106250 0.087500
0 0.401562 0.417187 0.062500 0.081250
0 0.250000 0.317188 0.068750 0.059375
0 0.221875 0.386719 0.103125 0.054688
0 0.255469 0.439844 0.101562 0.057813
0 0.107813 0.364063 0.087500 0.071875
0 0.266406 0.823438 0.070312 0.081250
0 0.439844 0.869531 0.054688 0.057813
0 0.681250 0.865625 0.068750 0.090625
0 0.602344 0.837500 0.045312 0.053125
0 0.631250 0.659375 0.059375 0.050000
0 0.452344 0.662500 0.042188 0.046875
0 0.220312 0.944531 0.075000 0.095312
0 0.371875 0.863281 0.053125 0.064062
0 0.360938 0.966406 0.062500 0.060937
0 0.390625 0.277344 0.081250 0.079687
0 0.232031 0.491406 0.060937 0.045312
0 0.425781 0.533594 0.051562 0.051562
0 0.195312 0.674219 0.043750 0.039062
0 0.138281 0.769531 0.032813 0.026562
0 0.529687 0.639062 0.053125 0.043750
0 0.870313 0.030469 0.037500 0.039062
0 0.271875 0.742188 0.068750 0.059375
0 0.385156 0.662500 0.067187 0.078125
0 0.875000 0.965625 0.031250 0.037500
0 0.749219 0.931250 0.042188 0.046875
0 0.162500 0.925781 0.040625 0.054688
0 0.125781 0.449219 0.073438 0.064062
0 0.796875 0.987500 0.046875 0.025000
0 0.522656 0.985938 0.042188 0.028125
0 0.492969 0.240625 0.051562 0.034375
