0 0.664844 0.207031 0.070312 0.070312
0 0.561719 0.178125 0.073438 0.071875
0 0.653125 0.117969 0.040625 0.054688
0 0.732812 0.309375 0.096875 0.103125
0 0.792188 0.417187 0.043750 0.040625
0 0.926562 0.485938 0.112500 0.106250
0 0.872656 0.571094 0.035937 0.057813
0 0.935937 0.678125 0.090625 0.068750
0 0.923438 0.753125 0.090625 0.084375
0 0.947656 0.831250 0.060937 0.043750
0 0.376563 0.773438 0.053125 0.043750
0 0.360938 0.816406 0.034375 0.042188
0 0.250781 0.764844 0.057813 0.070312
0 0.204687 0.655469 0.056250 0.035937
0 0.203906 0.511719 0.070312 0.064062
0 0.353906 0.435156 0.054688 0.060937
0 0.598437 0.281250 0.059375 0.050000
0 0.553906 0.307031 0.057813 0.064062
0 0.691406 0.375000 0.035937 0.034375
0 0.513281 0.871875 0.032813 0.031250
0 0.103125 0.728906 0.034375 0.048438
0 0.182031 0.756250 0.045312 0.071875
0 0.360938 0.680469 0.028125 0.042188
0 0.511719 0.377344 0.054688 0.054688
0 0.535937 0.436719 0.065625 0.057813
0 0.602344 0.449219 0.060937 0.026562
0 0.924219 0.185938 0.032813 0.028125
0 0.859375 0.055469 0.040625 0.042188
0 0.743750 0.068750 0.090625 0.059375
0 0.522656 0.750781 0.048438 0.035937
0 0.617969 0.363281 0.064062 0.051562
0 0.986719 0.857031 0.026562 0.042188
