0 0.896875 0.028125 0.084375 0.056250
0 0.704688 0.029687 0.053125 0.046875
0 0.546875 0.124219 0.050000 0.048438
0 0.278125 0.200781 0.043750 0.035937
0 0.333594 0.247656 0.035937 0.045312
0 0.450781 0.224219 0.060937 0.054688
0 0.531250 0.205469 0.071875 0.064062
0 0.691406 0.165625 0.089063 0.056250
0 0.624219 0.222656 0.051562 0.054688
0 0.898438 0.245312 0.078125 0.071875
0 0.061719 0.378125 0.070312 0.068750
0 0.303125 0.415625 0.056250 0.050000
0 0.469531 0.389844 0.042188 0.035937
0 0.797656 0.357812 0.054688 0.037500
0 0.803125 0.412500 0.059375 0.059375
0 0.871094 0.415625 0.054688 0.037500
0 0.787500 0.510156 0.053125 0.045312
0 0.763281 0.291406 0.042188 0.051562
0 0.710156 0.372656 0.095312 0.092188
0 0.694531 0.300781 0.045312 0.035937
0 0.580469 0.278125 0.042188 0.040625
0 0.624219 0.450781 0.042188 0.054688
0 0.424219 0.340625 0.051562 0.046875
0 0.244531 0.241406 0.085938 0.039062
0 0.300000 0.473438 0.037500 0.040625
0 0.259375 0.517188 0.031250 0.025000
0 0.140625 0.581250 0.050000 0.046875
0 0.457031 0.442188 0.048438 0.059375
0 0.412500 0.508594 0.056250 0.070312
0 0.197656 0.658594 0.048438 0.026562
0 0.128906 0.657031 0.054688 0.035937
0 0.063281 0.617969 0.054688 0.054688
0 0.047656 0.734375 0.064062 0.062500
0 0.355469 0.656250 0.089063 0.068750
0 0.495312 0.572656 0.040625 0.057813
0 0.684375 0.715625 0.059375 0.050000
0 0.807813 0.671094 0.034375 0.039062
0 0.875000 0.683594 0.031250 0.042188
0 0.834375 0.777344 0.068750 0.064062
0 0.976562 0.800000 0.046875 0.090625
0 0.933594 0.812500 0.032813 0.050000
0 0.877344 0.847656 0.054688 0.082812
0 0.695312 0.886719 0.043750 0.073438
0 0.684375 0.804688 0.046875 0.056250
0 0.639062 0.879687 0.065625 0.090625
0 0.506250 0.702344 0.112500 0.098437
0 0.493750 0.875781 0.062500 0.079687
0 0.355469 0.763281 0.029687 0.048438
0 0.164844 0.812500 0.076563 0.075000
0 0.085938 0.877344 0.081250 0.114062
0 0.337500 0.908594 0.084375 0.067187
0 0.810937 0.266406 0.046875 0.039062
0 0.897656 0.740625 0.042188 0.043750
0 0.496875 0.972656 0.100000 0.054688
0 0.358594 0.951562 0.051562 0.053125
0 0.330469 0.560937 0.042188 0.034375
0 0.887500 0.208594 0.068750 0.051562
