0 0.164062 0.047656 0.081250 0.070312
0 0.338281 0.030469 0.057813 0.060937
0 0.828125 0.028125 0.065625 0.056250
0 0.975000 0.041406 0.050000 0.082812
0 0.932031 0.050000 0.039062 0.053125
0 0.876563 0.089063 0.065625 0.084375
0 0.698438 0.127344 0.046875 0.064062
0 0.633594 0.114844 0.073438 0.089063
0 0.681250 0.046094 0.053125 0.057813
0 0.493750 0.111719 0.068750 0.076563
0 0.331250 0.143750 0.078125 0.075000
0 0.094531 0.115625 0.098437 0.121875
0 0.061719 0.234375 0.035937 0.037500
0 0.317969 0.235156 0.114062 0.110937
0 0.190625 0.252344 0.140625 0.123438
0 0.469531 0.213281 0.092188 0.098437
0 0.978125 0.289844 0.043750 0.070312
0 0.680469 0.266406 0.060937 0.045312
0 0.855469 0.428125 0.070312 0.081250
0 0.162500 0.364844 0.065625 0.107813
0 0.362500 0.308594 0.093750 0.120313
0 0.434375 0.369531 0.090625 0.060937
0 0.583594 0.375781 0.032813 0.042188
0 0.777344 0.513281 0.073438 0.082812
0 0.232031 0.477344 0.051562 0.060937
0 0.574219 0.474219 0.048438 0.064062
0 0.672656 0.583594 0.032813 0.048438
0 0.825781 0.587500 0.045312 0.081250
0 0.956250 0.602344 0.087500 0.048438
0 0.964844 0.700000 0.070312 0.103125
0 0.917188 0.809375 0.112500 0.084375
0 0.757812 0.905469 0.090625 0.101562
0 0.707031 0.969531 0.076563 0.060937
0 0.634375 0.962500 0.071875 0.075000
0 0.584375 0.730469 0.062500 0.054688
0 0.601562 0.911719 0.065625 0.060937
0 0.499219 0.982812 0.045312 0.034375
0 0.457813 0.961719 0.046875 0.076563
0 0.465625 0.632031 0.084375 0.064062
0 0.334375 0.959375 0.118750 0.081250
0 0.417969 0.825000 0.045312 0.050000
0 0.277344 0.590625 0.142187 0.146875
0 0.114844 0.661719 0.092188 0.095312
0 0.064844 0.747656 0.085938 0.073438
0 0.171094 0.729688 0.054688 0.059375
0 0.290625 0.878125 0.050000 0.065625
0 0.135156 0.904687 0.082812 0.121875
0 0.031250 0.941406 0.062500 0.067187
0 0.749219 0.296094 0.035937 0.029687
0 0.750000 0.110937 0.046875 0.053125
0 0.817187 0.072656 0.056250 0.035937
0 0.915625 0.195312 0.034375 0.037500
0 0.080469 0.263281 0.032813 0.039062
0 0.246094 0.789062 0.057813 0.062500
0 0.526563 0.189844 0.040625 0.051562
0 0.392188 0.220312 0.034375 0.065625
