0 0.190625 0.225000 0.118750 0.078125
0 0.039062 0.270313 0.059375 0.081250
0 0.561719 0.204687 0.082812 0.081250
0 0.676562 0.175000 0.046875 0.053125
0 0.483594 0.050781 0.067187 0.073438
0 0.611719 0.054688 0.020313 0.037500
0 0.664062 0.031250 0.059375 0.043750
0 0.946875 0.162500 0.053125 0.075000
0 0.428906 0.278125 0.051562 0.068750
0 0.337500 0.358594 0.056250 0.048438
0 0.264844 0.282031 0.045312 0.048438
0 0.366406 0.490625 0.092188 0.121875
0 0.606250 0.327344 0.056250 0.045312
0 0.645312 0.374219 0.065625 0.060937
0 0.580469 0.392188 0.095312 0.118750
0 0.607031 0.477344 0.045312 0.045312
0 0.731250 0.433594 0.090625 0.101562
0 0.785156 0.546094 0.067187 0.073438
0 0.885938 0.672656 0.053125 0.054688
0 0.981250 0.699219 0.037500 0.064062
0 0.746875 0.763281 0.050000 0.057813
0 0.552344 0.585156 0.089063 0.079687
0 0.479687 0.476562 0.090625 0.100000
0 0.203906 0.740625 0.045312 0.046875
0 0.543750 0.802344 0.059375 0.067187
0 0.472656 0.825781 0.042188 0.045312
0 0.758594 0.671094 0.085938 0.070312
0 0.668750 0.880469 0.084375 0.073438
0 0.559375 0.906250 0.062500 0.053125
0 0.294531 0.892969 0.051562 0.051562
0 0.196875 0.905469 0.037500 0.035937
0 0.385156 0.606250 0.051562 0.034375
0 0.392969 0.878125 0.054688 0.062500
0 0.856250 0.785156 0.081250 0.057813
