0 0.046875 0.064062 0.056250 0.056250
0 0.193750 0.127344 0.081250 0.076563
0 0.146094 0.103906 0.054688 0.032813
0 0.146875 0.149219 0.043750 0.039062
0 0.360938 0.210156 0.075000 0.089063
0 0.482812 0.121094 0.043750 0.045312
0 0.554688 0.096875 0.046875 0.043750
0 0.654687 0.053125 0.046875 0.050000
0 0.644531 0.129688 0.064062 0.068750
0 0.668750 0.235937 0.037500 0.031250
0 0.689844 0.284375 0.051562 0.053125
0 0.586719 0.311719 0.051562 0.042188
0 0.357812 0.317188 0.043750 0.043750
0 0.137500 0.311719 0.050000 0.067187
0 0.208594 0.458594 0.048438 0.054688
0 0.095312 0.475000 0.075000 0.056250
0 0.118750 0.524219 0.056250 0.042188
0 0.296094 0.551562 0.048438 0.059375
0 0.575781 0.383594 0.039062 0.060937
0 0.787500 0.369531 0.046875 0.057813
0 0.771094 0.525781 0.048438 0.051562
0 0.710938 0.732812 0.050000 0.046875
0 0.560156 0.720313 0.060937 0.065625
0 0.400781 0.698438 0.039062 0.053125
0 0.294531 0.736719 0.054688 0.048438
0 0.053125 0.583594 0.043750 0.045312
0 0.112500 0.677344 0.075000 0.060937
0 0.033594 0.753125 0.060937 0.056250
0 0.083594 0.796094 0.054688 0.042188
0 0.039844 0.912500 0.045312 0.050000
0 0.052344 0.975000 0.104688 0.050000
0 0.207813 0.811719 0.059375 0.070312
0 0.149219 0.842969 0.073438 0.073438
0 0.396094 0.758594 0.085938 0.067187
0 0.302344 0.796094 0.082812 0.042188
0 0.319531 0.848437 0.054688 0.065625
0 0.366406 0.828906 0.042188 0.060937
0 0.402344 0.875781 0.045312 0.054688
0 0.413281 0.972656 0.039062 0.054688
0 0.472656 0.931250 0.051562 0.053125
0 0.606250 0.884375 0.056250 0.068750
0 0.514062 0.961719 0.081250 0.076563
0 0.610156 0.979688 0.079687 0.040625
0 0.782813 0.321094 0.050000 0.035937
0 0.978125 0.767188 0.043750 0.065625
0 0.750781 0.474219 0.045312 0.051562
0 0.353906 0.418750 0.042188 0.040625
0 0.257812 0.622656 0.046875 0.048438
0 0.708594 0.399219 0.048438 0.048438
0 0.651563 0.457813 0.046875 0.062500
0 0.324219 0.689063 0.035937 0.040625
