0 0.051562 0.028906 0.103125 0.057813
0 0.120313 0.147656 0.040625 0.054688
0 0.414062 0.017969 0.050000 0.035937
0 0.366406 0.029687 0.045312 0.059375
0 0.610156 0.035937 0.048438 0.071875
0 0.660156 0.028906 0.051562 0.057813
0 0.754687 0.071094 0.062500 0.070312
0 0.789062 0.156250 0.075000 0.075000
0 0.964844 0.253125 0.070312 0.096875
0 0.736719 0.306250 0.085938 0.078125
0 0.797656 0.401562 0.054688 0.068750
0 0.843750 0.459375 0.071875 0.053125
0 0.718750 0.402344 0.065625 0.079687
0 0.208594 0.500000 0.104688 0.087500
0 0.235937 0.216406 0.062500 0.054688
0 0.221875 0.307812 0.075000 0.062500
0 0.492969 0.588281 0.095312 0.073438
0 0.706250 0.609375 0.084375 0.106250
0 0.770312 0.590625 0.050000 0.062500
0 0.846875 0.657813 0.040625 0.034375
0 0.742969 0.751563 0.045312 0.040625
0 0.682031 0.804688 0.079687 0.093750
0 0.540625 0.744531 0.056250 0.051562
0 0.900000 0.908594 0.084375 0.089063
0 0.165625 0.872656 0.056250 0.045312
0 0.624219 0.328125 0.042188 0.040625
0 0.887500 0.039062 0.050000 0.040625
0 0.142187 0.114062 0.059375 0.031250
0 0.382031 0.847656 0.032813 0.057813
0 0.107031 0.562500 0.060937 0.043750
0 0.120313 0.079687 0.071875 0.043750
