0 0.657031 0.698438 0.114062 0.106250
0 0.958594 0.746875 0.082812 0.087500
0 0.773438 0.805469 0.071875 0.070312
0 0.922656 0.649219 0.067187 0.067187
0 0.953906 0.575000 0.051562 0.059375
0 0.960156 0.505469 0.079687 0.079687
0 0.890625 0.529687 0.062500 0.056250
0 0.779687 0.445312 0.046875 0.053125
0 0.716406 0.595313 0.101562 0.093750
0 0.520312 0.567969 0.065625 0.076563
0 0.729688 0.364063 0.100000 0.100000
0 0.921094 0.278906 0.060937 0.076563
0 0.792188 0.106250 0.050000 0.043750
0 0.584375 0.456250 0.065625 0.056250
0 0.561719 0.333594 0.092188 0.098437
0 0.495312 0.463281 0.034375 0.035937
0 0.758594 0.738281 0.085938 0.092188
0 0.792188 0.966406 0.081250 0.067187
0 0.653125 0.813281 0.109375 0.114062
0 0.417969 0.434375 0.092188 0.056250
0 0.054688 0.195312 0.050000 0.068750
0 0.275781 0.139844 0.085938 0.076563
0 0.760156 0.509375 0.060937 0.078125
0 0.770312 0.899219 0.065625 0.064062
0 0.067187 0.389062 0.046875 0.040625
