0 0.272656 0.175781 0.092188 0.085938
0 0.207031 0.295312 0.048438 0.050000
0 0.153906 0.581250 0.070312 0.056250
0 0.045312 0.592187 0.062500 0.078125
0 0.075000 0.534375 0.103125 0.093750
0 0.122656 0.661719 0.054688 0.054688
0 0.361719 0.500000 0.073438 0.087500
0 0.839063 0.403125 0.046875 0.053125
0 0.792188 0.012500 0.078125 0.025000
0 0.772656 0.055469 0.057813 0.067187
0 0.726562 0.160938 0.093750 0.093750
0 0.803906 0.125781 0.079687 0.070312
0 0.837500 0.212500 0.068750 0.075000
0 0.797656 0.364063 0.039062 0.050000
0 0.938281 0.499219 0.095312 0.107813
0 0.847656 0.599219 0.089063 0.092188
0 0.971094 0.613281 0.057813 0.098437
0 0.976562 0.699219 0.046875 0.064062
0 0.794531 0.731250 0.057813 0.081250
0 0.853906 0.823438 0.110937 0.125000
0 0.983594 0.787500 0.032813 0.050000
0 0.846875 0.979688 0.053125 0.040625
0 0.483594 0.871094 0.070312 0.089063
0 0.546875 0.903125 0.059375 0.075000
0 0.070312 0.740625 0.109375 0.075000
0 0.239844 0.752344 0.035937 0.051562
0 0.313281 0.844531 0.064062 0.064062
0 0.096875 0.925781 0.053125 0.073438
0 0.039062 0.930469 0.053125 0.067187
0 0.192969 0.960938 0.067187 0.056250
0 0.404687 0.919531 0.037500 0.035937
0 0.103906 0.443750 0.057813 0.043750
0 0.043750 0.352344 0.031250 0.032813
0 0.876563 0.166406 0.053125 0.060937
0 0.852344 0.298438 0.051562 0.046875
0 0.707812 0.350000 0.028125 0.043750
0 0.788281 0.558594 0.067187 0.073438
0 0.799219 0.638281 0.051562 0.057813
0 0.861719 0.525781 0.048438 0.051562
0 0.922656 0.289844 0.051562 0.054688
0 0.640625 0.366406 0.084375 0.042188
0 0.910156 0.213281 0.039062 0.051562
0 0.811719 0.447656 0.042188 0.048438
0 0.083594 0.382031 0.039062 0.039062
0 0.982812 0.839063 0.034375 0.056250
0 0.888281 0.939844 0.045312 0.039062
0 0.974219 0.973437 0.026562 0.031250
