0 0.853906 0.061719 0.117188 0.123438
0 0.984375 0.025000 0.031250 0.050000
0 0.982031 0.078906 0.035937 0.057813
0 0.978906 0.209375 0.042188 0.034375
0 0.826562 0.267188 0.140625 0.153125
0 0.805469 0.417969 0.067187 0.076563
0 0.756250 0.686719 0.096875 0.117188
0 0.890625 0.751563 0.071875 0.090625
0 0.826562 0.743750 0.068750 0.128125
0 0.985938 0.686719 0.028125 0.064062
0 0.906250 0.866406 0.071875 0.104688
0 0.800000 0.928125 0.137500 0.143750
0 0.527344 0.949219 0.054688 0.101562
0 0.463281 0.948438 0.076563 0.103125
0 0.074219 0.768750 0.120313 0.115625
0 0.057031 0.655469 0.089063 0.064062
0 0.421875 0.280469 0.071875 0.060937
0 0.482031 0.121875 0.067187 0.062500
0 0.546094 0.136719 0.060937 0.064062
0 0.310937 0.077344 0.059375 0.057813
0 0.104688 0.153906 0.065625 0.079687
0 0.040625 0.164844 0.050000 0.060937
0 0.034375 0.270313 0.068750 0.065625
0 0.193750 0.196875 0.065625 0.050000
0 0.884375 0.177344 0.046875 0.032813
0 0.711719 0.921094 0.032813 0.054688
0 0.405469 0.157031 0.032813 0.035937
0 0.152344 0.412500 0.026562 0.028125
