0 0.590625 0.064062 0.056250 0.093750
0 0.857812 0.171875 0.031250 0.031250
0 0.729688 0.196094 0.059375 0.073438
0 0.790625 0.199219 0.043750 0.045312
0 0.800781 0.332813 0.048438 0.059375
0 0.750781 0.384375 0.057813 0.087500
0 0.121875 0.151562 0.062500 0.046875
0 0.358594 0.240625 0.079687 0.090625
0 0.235937 0.289062 0.056250 0.056250
0 0.043750 0.161719 0.087500 0.082812
0 0.128906 0.398438 0.054688 0.043750
0 0.331250 0.428906 0.081250 0.064062
0 0.032813 0.578906 0.050000 0.051562
0 0.017969 0.646875 0.035937 0.050000
0 0.069531 0.637500 0.064062 0.040625
0 0.028125 0.432812 0.056250 0.046875
0 0.448437 0.564063 0.053125 0.059375
0 0.829688 0.495312 0.050000 0.062500
0 0.842969 0.708594 0.067187 0.051562
0 0.805469 0.749219 0.054688 0.035937
0 0.803125 0.794531 0.059375 0.054688
0 0.844531 0.965625 0.070312 0.068750
0 0.720313 0.796094 0.078125 0.051562
0 0.444531 0.925781 0.067187 0.057813
0 0.360156 0.867188 0.067187 0.062500
0 0.014844 0.796094 0.029687 0.051562
0 0.302344 0.978906 0.039062 0.042188
0 0.693750 0.116406 0.040625 0.064062
0 0.654687 0.221094 0.046875 0.057813
