0 0.826562 0.024219 0.090625 0.048438
0 0.735156 0.039844 0.051562 0.057813
0 0.910156 0.108594 0.048438 0.051562
0 0.954688 0.169531 0.084375 0.076563
0 0.889844 0.212500 0.048438 0.040625
0 0.904687 0.257031 0.046875 0.064062
0 0.617188 0.201563 0.059375 0.043750
0 0.931250 0.307031 0.050000 0.051562
0 0.940625 0.379688 0.034375 0.050000
0 0.861719 0.352344 0.082812 0.060937
0 0.642969 0.311719 0.070312 0.054688
0 0.751563 0.242969 0.068750 0.048438
0 0.255469 0.302344 0.054688 0.060937
0 0.185938 0.096875 0.040625 0.046875
0 0.139063 0.250781 0.056250 0.048438
0 0.061719 0.334375 0.064062 0.053125
0 0.086719 0.435937 0.057813 0.090625
0 0.332813 0.408594 0.031250 0.023438
0 0.342969 0.560156 0.067187 0.048438
0 0.612500 0.503906 0.040625 0.032813
0 0.967969 0.618750 0.064062 0.078125
0 0.885938 0.664062 0.087500 0.068750
0 0.672656 0.636719 0.067187 0.064062
0 0.689844 0.706250 0.079687 0.075000
0 0.749219 0.926562 0.039062 0.040625
0 0.568750 0.889844 0.043750 0.039062
0 0.375781 0.945312 0.051562 0.046875
0 0.575781 0.690625 0.064062 0.050000
0 0.058594 0.582812 0.048438 0.053125
0 0.316406 0.036719 0.073438 0.073438
0 0.037500 0.525781 0.034375 0.039062
0 0.217188 0.774219 0.062500 0.035937
0 0.296875 0.609375 0.053125 0.053125
0 0.343750 0.764062 0.056250 0.040625
0 0.477344 0.738281 0.039062 0.029687
0 0.439063 0.986719 0.065625 0.026562
0 0.158594 0.959375 0.054688 0.068750
0 0.229687 0.973437 0.059375 0.040625
0 0.077344 0.652344 0.067187 0.064062
0 0.646094 0.058594 0.032813 0.045312
0 0.550781 0.305469 0.054688 0.067187
0 0.142969 0.152344 0.082812 0.079687
