0 0.121875 0.035937 0.131250 0.071875
0 0.482031 0.076563 0.089063 0.071875
0 0.750000 0.040625 0.056250 0.050000
0 0.871094 0.094531 0.057813 0.076563
0 0.961719 0.076563 0.076563 0.071875
0 0.677344 0.139063 0.079687 0.103125
0 0.550781 0.150000 0.067187 0.056250
0 0.103906 0.214062 0.110937 0.128125
0 0.082031 0.314063 0.064062 0.071875
0 0.214844 0.266406 0.073438 0.089063
0 0.388281 0.208594 0.042188 0.042188
0 0.308594 0.283594 0.082812 0.139063
0 0.372656 0.277344 0.045312 0.082812
0 0.431250 0.264844 0.046875 0.054688
0 0.499219 0.264062 0.064062 0.053125
0 0.581250 0.235156 0.093750 0.092188
0 0.653906 0.364844 0.051562 0.057813
0 0.707031 0.360156 0.045312 0.101562
0 0.779687 0.377344 0.096875 0.132812
0 0.949219 0.276562 0.101562 0.109375
0 0.927344 0.428125 0.057813 0.081250
0 0.403906 0.499219 0.048438 0.060937
0 0.463281 0.513281 0.039062 0.057813
0 0.114844 0.504687 0.076563 0.106250
0 0.561719 0.689844 0.051562 0.048438
0 0.700781 0.592187 0.048438 0.062500
0 0.920312 0.503125 0.053125 0.034375
0 0.864844 0.825000 0.085938 0.075000
0 0.501563 0.685156 0.040625 0.064062
0 0.388281 0.696875 0.042188 0.059375
0 0.042969 0.595313 0.035937 0.062500
0 0.017969 0.624219 0.035937 0.073438
0 0.115625 0.695312 0.059375 0.046875
0 0.032813 0.698438 0.065625 0.059375
0 0.022656 0.783594 0.045312 0.054688
0 0.085156 0.848437 0.039062 0.053125
0 0.348438 0.875781 0.068750 0.079687
0 0.512500 0.811719 0.075000 0.079687
0 0.431250 0.865625 0.046875 0.084375
0 0.491406 0.952344 0.054688 0.073438
0 0.628125 0.972656 0.075000 0.054688
0 0.239063 0.976562 0.046875 0.046875
0 0.163281 0.116406 0.064062 0.073438
0 0.091406 0.093750 0.035937 0.037500
0 0.292187 0.032813 0.034375 0.043750
0 0.635156 0.205469 0.029687 0.048438
0 0.214062 0.196875 0.034375 0.040625
0 0.467969 0.846094 0.042188 0.064062
0 0.060156 0.769531 0.032813 0.042188
0 0.317969 0.532813 0.045312 0.043750
0 0.260156 0.570312 0.026562 0.031250
0 0.172656 0.711719 0.039062 0.035937
0 0.343750 0.667969 0.031250 0.042188
0 0.317188 0.410938 0.068750 0.081250
