0 0.036719 0.022656 0.073438 0.045312
0 0.084375 0.086719 0.040625 0.048438
0 0.347656 0.104688 0.076563 0.093750
0 0.526563 0.038281 0.084375 0.076563
0 0.469531 0.080469 0.042188 0.067187
0 0.435156 0.106250 0.042188 0.087500
0 0.489063 0.185938 0.053125 0.071875
0 0.629687 0.232031 0.068750 0.101562
0 0.235156 0.227344 0.060937 0.073438
0 0.078906 0.320312 0.042188 0.053125
0 0.107031 0.475781 0.048438 0.054688
0 0.720313 0.417969 0.056250 0.095312
0 0.515625 0.366406 0.050000 0.045312
0 0.615625 0.552344 0.103125 0.098437
0 0.596094 0.635156 0.117188 0.079687
0 0.791406 0.715625 0.048438 0.053125
0 0.946875 0.732812 0.106250 0.087500
0 0.982031 0.898438 0.035937 0.096875
0 0.544531 0.823438 0.048438 0.053125
0 0.507812 0.846094 0.034375 0.032813
0 0.431250 0.761719 0.043750 0.042188
0 0.379688 0.767969 0.056250 0.067187
0 0.146094 0.666406 0.123438 0.170313
0 0.042188 0.670312 0.084375 0.109375
0 0.042969 0.747656 0.051562 0.045312
0 0.106250 0.800781 0.050000 0.054688
0 0.320312 0.953906 0.056250 0.042188
0 0.156250 0.924219 0.062500 0.042188
0 0.863281 0.061719 0.107813 0.085938
0 0.275000 0.632812 0.037500 0.031250
0 0.067187 0.772656 0.046875 0.057813
0 0.275000 0.974219 0.028125 0.051562
0 0.365625 0.941406 0.043750 0.051562
0 0.500781 0.550781 0.045312 0.042188
0 0.207813 0.050781 0.037500 0.051562
0 0.010937 0.068750 0.021875 0.040625
