0 0.097656 0.068750 0.054688 0.053125
0 0.149219 0.097656 0.051562 0.057813
0 0.214062 0.018750 0.053125 0.037500
0 0.373437 0.128906 0.046875 0.048438
0 0.813281 0.091406 0.045312 0.051562
0 0.868750 0.043750 0.050000 0.050000
0 0.717969 0.212500 0.060937 0.062500
0 0.842969 0.401562 0.060937 0.059375
0 0.771094 0.388281 0.064062 0.067187
0 0.165625 0.296875 0.062500 0.040625
0 0.477344 0.459375 0.039062 0.034375
0 0.410938 0.418750 0.025000 0.031250
0 0.124219 0.505469 0.054688 0.048438
0 0.123438 0.583594 0.078125 0.079687
0 0.023438 0.649219 0.046875 0.067187
0 0.536719 0.658594 0.048438 0.042188
0 0.802344 0.508594 0.042188 0.048438
0 0.919531 0.796875 0.057813 0.053125
0 0.821094 0.871875 0.079687 0.100000
0 0.655469 0.819531 0.070312 0.073438
0 0.546875 0.778125 0.037500 0.037500
0 0.506250 0.914062 0.034375 0.043750
0 0.257031 0.675000 0.048438 0.040625
0 0.322656 0.951562 0.095312 0.040625
0 0.958594 0.646094 0.042188 0.054688
0 0.521094 0.961719 0.057813 0.054688
0 0.200000 0.706250 0.034375 0.046875
0 0.089844 0.817969 0.032813 0.035937
0 0.810156 0.696094 0.029687 0.045312
0 0.755469 0.485938 0.035937 0.031250
0 0.589063 0.736719 0.037500 0.051562
0 0.920312 0.964844 0.043750 0.045312
0 0.135937 0.719531 0.046875 0.060937
0 0.127344 0.785156 0.048438 0.039062
0 0.132812 0.895312 0.040625 0.040625
