0 0.152344 0.056250 0.045312 0.043750
0 0.568750 0.032031 0.053125 0.042188
0 0.565625 0.118750 0.037500 0.046875
0 0.954688 0.055469 0.053125 0.039062
0 0.792969 0.094531 0.067187 0.051562
0 0.864844 0.221875 0.095312 0.087500
0 0.432812 0.363281 0.040625 0.054688
0 0.265625 0.474219 0.037500 0.035937
0 0.126562 0.528906 0.050000 0.048438
0 0.091406 0.859375 0.042188 0.053125
0 0.332031 0.782031 0.048438 0.035937
0 0.623437 0.435156 0.046875 0.070312
0 0.555469 0.457813 0.048438 0.040625
0 0.542188 0.651563 0.056250 0.056250
0 0.429688 0.971094 0.040625 0.039062
0 0.282813 0.736719 0.053125 0.054688
0 0.392969 0.650781 0.045312 0.064062
0 0.126562 0.952344 0.037500 0.039062
0 0.039844 0.912500 0.035937 0.040625
0 0.215625 0.617188 0.050000 0.043750
0 0.081250 0.784375 0.031250 0.043750
0 0.560937 0.411719 0.053125 0.045312
0 0.456250 0.871875 0.043750 0.037500
0 0.454688 0.790625 0.043750 0.037500
0 0.040625 0.707812 0.043750 0.037500
0 0.055469 0.750000 0.045312 0.037500
0 0.941406 0.850000 0.051562 0.043750
