0 0.052344 0.049219 0.104688 0.082812
0 0.203906 0.025781 0.026562 0.029687
0 0.383594 0.168750 0.085938 0.071875
0 0.096094 0.292187 0.070312 0.065625
0 0.238281 0.197656 0.048438 0.051562
0 0.864844 0.382031 0.057813 0.060937
0 0.401562 0.371094 0.046875 0.042188
0 0.166406 0.506250 0.042188 0.046875
0 0.826562 0.841406 0.056250 0.060937
0 0.829688 0.667188 0.034375 0.031250
0 0.153906 0.316406 0.045312 0.060937
0 0.109375 0.132812 0.043750 0.050000
0 0.310937 0.225000 0.037500 0.034375
0 0.920312 0.035156 0.040625 0.035937
0 0.950781 0.372656 0.026562 0.032813
0 0.828906 0.415625 0.026562 0.040625
0 0.857031 0.977344 0.070312 0.045312
0 0.439063 0.400000 0.059375 0.034375
