0 0.500781 0.057031 0.095312 0.076563
0 0.971875 0.106250 0.056250 0.075000
0 0.830469 0.317969 0.085938 0.101562
0 0.753125 0.378125 0.100000 0.093750
0 0.504687 0.368750 0.040625 0.043750
0 0.467187 0.416406 0.068750 0.079687
0 0.528906 0.702344 0.167187 0.110937
0 0.707031 0.645312 0.104688 0.103125
0 0.948438 0.725781 0.103125 0.076563
0 0.971094 0.576562 0.042188 0.050000
0 0.970313 0.468750 0.059375 0.053125
0 0.778125 0.734375 0.043750 0.056250
0 0.603906 0.944531 0.051562 0.060937
0 0.744531 0.971875 0.089063 0.056250
0 0.857812 0.166406 0.068750 0.035937
0 0.592969 0.845313 0.060937 0.053125
