0 0.017969 0.232031 0.035937 0.057813
0 0.067969 0.246875 0.042188 0.034375
0 0.159375 0.275000 0.084375 0.056250
0 0.110937 0.346094 0.050000 0.039062
0 0.227344 0.090625 0.067187 0.059375
0 0.248438 0.034375 0.059375 0.046875
0 0.626563 0.014063 0.053125 0.028125
0 0.707031 0.114844 0.073438 0.054688
0 0.312500 0.267969 0.065625 0.048438
0 0.361719 0.178125 0.023438 0.034375
0 0.483594 0.087500 0.032813 0.018750
0 0.201563 0.374219 0.037500 0.026562
0 0.951562 0.328906 0.046875 0.035937
0 0.711719 0.402344 0.039062 0.029687
0 0.765625 0.367188 0.040625 0.025000
0 0.731250 0.492969 0.046875 0.029687
0 0.596094 0.532813 0.082812 0.053125
0 0.513281 0.517188 0.076563 0.050000
0 0.342187 0.489844 0.096875 0.073438
0 0.258594 0.472656 0.073438 0.032813
0 0.080469 0.568750 0.073438 0.040625
0 0.714844 0.706250 0.045312 0.043750
0 0.621875 0.631250 0.046875 0.043750
0 0.782813 0.546875 0.056250 0.040625
0 0.894531 0.596875 0.035937 0.037500
0 0.717187 0.871875 0.050000 0.037500
0 0.916406 0.967187 0.035937 0.031250
0 0.744531 0.814844 0.104688 0.057813
0 0.232031 0.759375 0.045312 0.037500
0 0.099219 0.767188 0.035937 0.031250
0 0.495312 0.572656 0.056250 0.035937
0 0.842969 0.920312 0.051562 0.037500
0 0.421875 0.601562 0.053125 0.043750
0 0.250000 0.128125 0.031250 0.028125
0 0.368750 0.535156 0.050000 0.032813
