0 0.914062 0.057813 0.084375 0.040625
0 0.119531 0.039062 0.039062 0.040625
0 0.923438 0.174219 0.037500 0.039062
0 0.901563 0.250781 0.034375 0.032813
0 0.656250 0.331250 0.084375 0.046875
0 0.740625 0.394531 0.053125 0.051562
0 0.797656 0.611719 0.032813 0.039062
0 0.957812 0.235156 0.059375 0.054688
0 0.196875 0.159375 0.059375 0.050000
0 0.256250 0.868750 0.031250 0.031250
0 0.706250 0.942969 0.118750 0.076563
0 0.607812 0.940625 0.062500 0.065625
0 0.873437 0.639844 0.050000 0.035937
0 0.897656 0.682031 0.042188 0.029687
0 0.532813 0.648438 0.059375 0.031250
0 0.928125 0.640625 0.053125 0.059375
