0 0.132031 0.107813 0.057813 0.031250
0 0.165625 0.075000 0.112500 0.040625
0 0.247656 0.103906 0.035937 0.029687
0 0.362500 0.194531 0.059375 0.060937
0 0.283594 0.313281 0.064062 0.051562
0 0.390625 0.098437 0.093750 0.062500
0 0.510938 0.109375 0.068750 0.043750
0 0.666406 0.167187 0.089063 0.046875
0 0.603125 0.208594 0.078125 0.051562
0 0.950000 0.325781 0.100000 0.060937
0 0.875000 0.421875 0.093750 0.056250
0 0.756250 0.407031 0.053125 0.042188
0 0.371875 0.417187 0.043750 0.037500
0 0.489063 0.564063 0.056250 0.040625
0 0.724219 0.511719 0.039062 0.026562
0 0.932031 0.600000 0.076563 0.053125
0 0.659375 0.695312 0.109375 0.043750
0 0.681250 0.653906 0.037500 0.035937
0 0.746875 0.696094 0.065625 0.029687
0 0.917188 0.672656 0.093750 0.054688
0 0.867969 0.756250 0.110937 0.103125
0 0.783594 0.771875 0.064062 0.046875
0 0.952344 0.743750 0.051562 0.031250
0 0.904687 0.836719 0.065625 0.045312
0 0.140625 0.179688 0.075000 0.059375
0 0.258594 0.710938 0.079687 0.071875
