0 0.013281 0.113281 0.026562 0.057813
0 0.369531 0.044531 0.048438 0.048438
0 0.625000 0.032031 0.081250 0.064062
0 0.685156 0.110156 0.060937 0.073438
0 0.638281 0.117969 0.039062 0.035937
0 0.824219 0.178906 0.073438 0.064062
0 0.721094 0.257812 0.085938 0.071875
0 0.518750 0.254688 0.043750 0.053125
0 0.489063 0.189062 0.087500 0.065625
0 0.371094 0.177344 0.107813 0.076563
0 0.256250 0.214062 0.071875 0.071875
0 0.203906 0.298438 0.048438 0.046875
0 0.180469 0.372656 0.079687 0.054688
0 0.599219 0.402344 0.082812 0.060937
0 0.941406 0.525000 0.117188 0.090625
0 0.823438 0.580469 0.112500 0.076563
0 0.653125 0.494531 0.084375 0.098437
0 0.355469 0.511719 0.067187 0.067187
0 0.147656 0.886719 0.070312 0.073438
0 0.156250 0.966406 0.109375 0.067187
0 0.502344 0.771875 0.070312 0.059375
0 0.485938 0.672656 0.037500 0.048438
0 0.802344 0.937500 0.048438 0.059375
0 0.972656 0.897656 0.054688 0.089063
0 0.726562 0.394531 0.065625 0.067187
