0 0.024219 0.131250 0.048438 0.053125
0 0.373437 0.024219 0.084375 0.048438
0 0.277344 0.357031 0.079687 0.064062
0 0.283594 0.289062 0.057813 0.037500
0 0.141406 0.366406 0.067187 0.042188
0 0.371094 0.389844 0.110937 0.104688
0 0.725000 0.325000 0.062500 0.078125
0 0.950781 0.415625 0.098437 0.062500
0 0.494531 0.471875 0.067187 0.050000
0 0.491406 0.546094 0.076563 0.051562
0 0.289844 0.592187 0.070312 0.053125
0 0.145313 0.502344 0.040625 0.042188
0 0.680469 0.598437 0.076563 0.043750
0 0.694531 0.836719 0.057813 0.045312
0 0.924219 0.661719 0.107813 0.089063
0 0.589063 0.910156 0.056250 0.057813
0 0.651563 0.317969 0.046875 0.057813
0 0.077344 0.246875 0.039062 0.034375
0 0.527344 0.714844 0.042188 0.045312
0 0.797656 0.657031 0.076563 0.048438
0 0.796094 0.603125 0.057813 0.034375
0 0.218750 0.905469 0.059375 0.054688
0 0.168750 0.941406 0.043750 0.035937
0 0.276562 0.923438 0.053125 0.059375
0 0.274219 0.651563 0.045312 0.059375
