0 0.050000 0.114844 0.075000 0.054688
0 0.381250 0.342969 0.087500 0.067187
0 0.635938 0.721875 0.071875 0.040625
0 0.630469 0.783594 0.045312 0.039062
0 0.055469 0.708594 0.045312 0.051562
0 0.057031 0.871094 0.057813 0.032813
0 0.244531 0.791406 0.051562 0.057813
0 0.065625 0.399219 0.037500 0.051562
0 0.071094 0.495312 0.048438 0.037500
0 0.292969 0.329688 0.045312 0.040625
0 0.257031 0.974219 0.035937 0.029687
0 0.181250 0.923438 0.050000 0.028125
0 0.094531 0.827344 0.076563 0.042188
0 0.654687 0.886719 0.040625 0.042188
