0 0.254688 0.057813 0.090625 0.037500
0 0.802344 0.021875 0.060937 0.043750
0 0.799219 0.078906 0.079687 0.064062
0 0.944531 0.059375 0.079687 0.062500
0 0.259375 0.175781 0.037500 0.045312
0 0.300000 0.244531 0.065625 0.029687
0 0.244531 0.245312 0.035937 0.031250
0 0.235156 0.321875 0.042188 0.053125
0 0.021875 0.337500 0.043750 0.046875
0 0.082031 0.390625 0.048438 0.053125
0 0.140625 0.613281 0.037500 0.032813
0 0.240625 0.682031 0.034375 0.029687
0 0.218750 0.638281 0.043750 0.029687
0 0.270313 0.633594 0.028125 0.039062
0 0.056250 0.938281 0.112500 0.073438
0 0.642188 0.177344 0.087500 0.045312
0 0.958594 0.817187 0.082812 0.056250
0 0.839844 0.850781 0.064062 0.035937
0 0.928125 0.772656 0.059375 0.054688
0 0.964844 0.363281 0.045312 0.032813
0 0.555469 0.834375 0.067187 0.062500
0 0.426563 0.866406 0.109375 0.039062
0 0.397656 0.940625 0.079687 0.053125
0 0.338281 0.981250 0.070312 0.037500
0 0.740625 0.945312 0.068750 0.046875
0 0.736719 0.390625 0.032813 0.021875
0 0.085938 0.562500 0.062500 0.040625
0 0.139063 0.468750 0.056250 0.046875
0 0.505469 0.033594 0.048438 0.029687
0 0.608594 0.026562 0.054688 0.040625
