0 0.022656 0.167187 0.045312 0.056250
0 0.097656 0.073438 0.045312 0.034375
0 0.387500 0.146094 0.059375 0.035937
0 0.700000 0.033594 0.059375 0.039062
0 0.445312 0.058594 0.031250 0.029687
0 0.466406 0.168750 0.104688 0.071875
0 0.558594 0.205469 0.067187 0.064062
0 0.718750 0.106250 0.090625 0.059375
0 0.821094 0.123438 0.079687 0.056250
0 0.696875 0.157812 0.093750 0.046875
0 0.803125 0.235937 0.131250 0.081250
0 0.925000 0.188281 0.096875 0.060937
0 0.972656 0.269531 0.054688 0.032813
0 0.915625 0.248438 0.043750 0.056250
0 0.922656 0.339844 0.082812 0.035937
0 0.950000 0.399219 0.046875 0.035937
0 0.665625 0.385937 0.090625 0.053125
0 0.296094 0.328125 0.110937 0.062500
0 0.114844 0.402344 0.089063 0.051562
0 0.224219 0.425781 0.082812 0.064062
0 0.153906 0.479687 0.054688 0.065625
0 0.061719 0.509375 0.035937 0.028125
0 0.025000 0.675000 0.050000 0.090625
0 0.078125 0.683594 0.059375 0.045312
0 0.180469 0.759375 0.167187 0.093750
0 0.262500 0.675781 0.078125 0.054688
0 0.457031 0.682031 0.073438 0.045312
0 0.423438 0.480469 0.087500 0.042188
0 0.564063 0.300781 0.046875 0.048438
0 0.757812 0.410156 0.062500 0.039062
0 0.541406 0.514844 0.092188 0.057813
0 0.749219 0.678125 0.107813 0.096875
0 0.920312 0.753125 0.103125 0.090625
0 0.929688 0.875781 0.068750 0.051562
0 0.862500 0.930469 0.059375 0.057813
0 0.757031 0.932813 0.135937 0.053125
0 0.219531 0.842187 0.107813 0.053125
0 0.396094 0.808594 0.092188 0.039062
0 0.050781 0.846094 0.051562 0.042188
0 0.261719 0.596094 0.064062 0.060937
0 0.561719 0.425000 0.057813 0.075000
0 0.559375 0.732031 0.046875 0.029687
0 0.482812 0.635156 0.056250 0.039062
0 0.289062 0.747656 0.050000 0.029687
0 0.400781 0.301563 0.089063 0.071875
0 0.711719 0.971875 0.095312 0.056250
