0 0.024219 0.108594 0.048438 0.067187
0 0.157812 0.172656 0.081250 0.082812
0 0.062500 0.256250 0.087500 0.065625
0 0.366406 0.146094 0.045312 0.048438
0 0.924219 0.186719 0.129688 0.126562
0 0.373437 0.502344 0.071875 0.064062
0 0.296094 0.528125 0.123438 0.109375
0 0.192188 0.578125 0.068750 0.046875
0 0.017969 0.498437 0.035937 0.087500
0 0.353125 0.887500 0.137500 0.131250
0 0.146875 0.936719 0.050000 0.054688
0 0.863281 0.504687 0.054688 0.040625
0 0.930469 0.315625 0.064062 0.046875
0 0.859375 0.083594 0.043750 0.029687
0 0.667188 0.413281 0.062500 0.048438
0 0.641406 0.937500 0.082812 0.043750
0 0.685937 0.110156 0.078125 0.082812
0 0.480469 0.868750 0.048438 0.046875
0 0.032813 0.961719 0.065625 0.076563
