0 0.261719 0.709375 0.054688 0.068750
0 0.943750 0.967969 0.087500 0.054688
0 0.264844 0.628125 0.067187 0.050000
0 0.554688 0.660937 0.175000 0.150000
0 0.584375 0.837500 0.093750 0.068750
0 0.596094 0.918750 0.079687 0.075000
0 0.752344 0.289844 0.151562 0.151562
0 0.282031 0.567969 0.104688 0.067187
0 0.671094 0.803125 0.070312 0.075000
0 0.721094 0.531250 0.107813 0.084375
0 0.606250 0.761719 0.068750 0.051562
0 0.200000 0.178125 0.153125 0.137500
0 0.425000 0.653125 0.071875 0.078125
0 0.600000 0.506250 0.112500 0.106250
0 0.328125 0.187500 0.118750 0.125000
0 0.617188 0.296094 0.106250 0.132812
