0 0.393750 0.015625 0.128125 0.025000
0 0.098437 0.502344 0.040625 0.051562
0 0.742188 0.768750 0.056250 0.053125
0 0.680469 0.554688 0.064062 0.053125
0 0.020313 0.137500 0.040625 0.043750
0 0.506250 0.512500 0.065625 0.059375
0 0.200000 0.408594 0.071875 0.079687
0 0.511719 0.102344 0.067187 0.089063
0 0.496094 0.627344 0.067187 0.057813
0 0.603125 0.078906 0.075000 0.095312
0 0.068750 0.378125 0.040625 0.040625
0 0.046094 0.034375 0.054688 0.053125
0 0.718750 0.070312 0.125000 0.128125
0 0.153125 0.102344 0.081250 0.076563
0 0.661719 0.792969 0.067187 0.064062
0 0.576562 0.624219 0.059375 0.073438
0 0.534375 0.315625 0.075000 0.075000
0 0.274219 0.839844 0.054688 0.048438
0 0.449219 0.681250 0.073438 0.062500
0 0.527344 0.958594 0.082812 0.079687
0 0.089844 0.274219 0.057813 0.060937
0 0.414844 0.496875 0.057813 0.075000
0 0.850000 0.940625 0.068750 0.078125
0 0.467969 0.383594 0.082812 0.085938
0 0.621875 0.917969 0.103125 0.070312
0 0.761719 0.204687 0.085938 0.090625
0 0.424219 0.743750 0.070312 0.068750
0 0.318750 0.057813 0.078125 0.081250
0 0.652344 0.608594 0.073438 0.070312
0 0.311719 0.581250 0.060937 0.068750
0 0.940625 0.184375 0.056250 0.075000
0 0.434375 0.273438 0.109375 0.096875
0 0.336719 0.783594 0.082812 0.082812
0 0.725000 0.318750 0.100000 0.109375
0 0.201563 0.635938 0.037500 0.046875
0 0.198437 0.689063 0.037500 0.031250
