0 0.981250 0.392188 0.037500 0.062500
0 0.448437 0.982812 0.034375 0.031250
0 0.406250 0.536719 0.059375 0.054688
0 0.454688 0.261719 0.109375 0.092188
0 0.412500 0.642969 0.056250 0.045312
0 0.843750 0.066406 0.065625 0.070312
0 0.018750 0.542969 0.037500 0.070312
0 0.312500 0.293750 0.062500 0.056250
0 0.702344 0.268750 0.048438 0.071875
0 0.112500 0.479687 0.056250 0.053125
0 0.573438 0.260937 0.053125 0.046875
0 0.670312 0.325000 0.062500 0.050000
0 0.917969 0.083594 0.057813 0.070312
0 0.350000 0.768750 0.084375 0.059375
0 0.086719 0.946094 0.067187 0.051562
0 0.071094 0.371094 0.095312 0.060937
0 0.155469 0.202344 0.057813 0.039062
0 0.153125 0.905469 0.059375 0.067187
0 0.096875 0.834375 0.075000 0.062500
0 0.141406 0.627344 0.079687 0.089063
