0 0.408594 0.204687 0.042188 0.031250
0 0.986719 0.499219 0.023438 0.060937
0 0.217969 0.439063 0.032813 0.037500
0 0.834375 0.862500 0.109375 0.087500
0 0.221875 0.252344 0.065625 0.073438
0 0.920312 0.392969 0.046875 0.060937
0 0.868750 0.355469 0.059375 0.048438
0 0.057031 0.127344 0.064062 0.057813
0 0.575000 0.567187 0.118750 0.109375
0 0.677344 0.500000 0.051562 0.053125
0 0.339844 0.701562 0.039062 0.050000
0 0.339844 0.906250 0.104688 0.093750
0 0.234375 0.602344 0.059375 0.048438
0 0.021094 0.045312 0.042188 0.059375
0 0.152344 0.634375 0.098437 0.100000
