0 0.136719 0.799219 0.073438 0.048438
0 0.661719 0.382031 0.051562 0.054688
0 0.961719 0.578125 0.048438 0.056250
0 0.758594 0.305469 0.098437 0.067187
0 0.967187 0.812500 0.062500 0.071875
0 0.175000 0.545312 0.134375 0.071875
0 0.690625 0.331250 0.065625 0.056250
0 0.534375 0.210938 0.050000 0.056250
0 0.718750 0.228125 0.062500 0.046875
0 0.805469 0.127344 0.089063 0.110937
0 0.987500 0.027344 0.025000 0.054688
0 0.555469 0.133594 0.057813 0.039062
0 0.984375 0.183594 0.028125 0.073438
0 0.846094 0.489844 0.048438 0.045312
0 0.982812 0.282813 0.034375 0.056250
0 0.971094 0.964063 0.057813 0.068750
0 0.796094 0.374219 0.079687 0.060937
0 0.914844 0.680469 0.051562 0.060937
0 0.857812 0.276562 0.103125 0.081250
0 0.935937 0.376563 0.096875 0.100000
0 0.936719 0.500000 0.067187 0.056250
0 0.890625 0.564844 0.084375 0.076563
0 0.865625 0.057031 0.109375 0.098437
0 0.047656 0.537500 0.035937 0.034375
0 0.389844 0.533594 0.057813 0.057813
