0 0.022656 0.050000 0.039062 0.040625
0 0.365625 0.015625 0.056250 0.031250
0 0.324219 0.461719 0.054688 0.035937
0 0.480469 0.314844 0.048438 0.057813
0 0.562500 0.105469 0.053125 0.042188
0 0.387500 0.708594 0.050000 0.042188
0 0.031250 0.164844 0.056250 0.054688
0 0.759375 0.442969 0.053125 0.048438
0 0.309375 0.514062 0.059375 0.043750
0 0.558594 0.209375 0.070312 0.037500
0 0.461719 0.059375 0.054688 0.043750
0 0.792969 0.753125 0.092188 0.112500
0 0.464844 0.652344 0.092188 0.076563
0 0.496094 0.118750 0.067187 0.068750
0 0.142969 0.527344 0.089063 0.076563
0 0.859375 0.517969 0.118750 0.101562
0 0.189844 0.802344 0.110937 0.079687
0 0.865625 0.433594 0.075000 0.060937
0 0.531250 0.427344 0.131250 0.129688
