0 0.546094 0.640625 0.029687 0.031250
0 0.742969 0.956250 0.048438 0.050000
0 0.484375 0.093750 0.037500 0.040625
0 0.517188 0.955469 0.034375 0.035937
0 0.549219 0.693750 0.032813 0.034375
0 0.849219 0.605469 0.048438 0.032813
0 0.054688 0.455469 0.071875 0.054688
0 0.177344 0.425781 0.057813 0.051562
0 0.094531 0.261719 0.085938 0.051562
0 0.990625 0.459375 0.018750 0.034375
0 0.053125 0.508594 0.071875 0.060937
0 0.009375 0.968750 0.018750 0.059375
0 0.091406 0.986719 0.032813 0.023438
0 0.114844 0.315625 0.070312 0.043750
0 0.305469 0.920312 0.082812 0.081250
0 0.733594 0.765625 0.048438 0.053125
0 0.533594 0.985938 0.032813 0.025000
0 0.456250 0.924219 0.037500 0.042188
0 0.464844 0.880469 0.042188 0.035937
0 0.137500 0.950000 0.050000 0.034375
0 0.961719 0.775000 0.054688 0.056250
0 0.231250 0.615625 0.065625 0.062500
0 0.152344 0.724219 0.060937 0.039062
0 0.159375 0.984375 0.065625 0.028125
0 0.628125 0.677344 0.050000 0.060937
0 0.210938 0.352344 0.065625 0.082812
0 0.224219 0.453125 0.064062 0.046875
0 0.875000 0.146094 0.053125 0.051562
0 0.034375 0.296875 0.068750 0.081250
0 0.318750 0.809375 0.065625 0.053125
0 0.018750 0.184375 0.037500 0.068750
0 0.255469 0.043750 0.045312 0.053125
0 0.205469 0.023438 0.057813 0.046875
0 0.812500 0.193750 0.103125 0.100000
0 0.706250 0.580469 0.084375 0.051562
0 0.574219 0.884375 0.060937 0.056250
0 0.230469 0.821094 0.082812 0.051562
0 0.181250 0.496875 0.078125 0.062500
0 0.698438 0.717187 0.056250 0.050000
0 0.396875 0.953125 0.087500 0.059375
0 0.962500 0.631250 0.050000 0.043750
0 0.521875 0.160938 0.068750 0.068750
0 0.631250 0.023438 0.065625 0.046875
0 0.392188 0.784375 0.059375 0.043750
0 0.680469 0.843750 0.076563 0.046875
0 0.627344 0.980469 0.064062 0.039062
0 0.540625 0.035156 0.062500 0.051562
0 0.214844 0.767969 0.067187 0.051562
0 0.481250 0.284375 0.062500 0.056250
0 0.325000 0.665625 0.053125 0.040625
0 0.318750 0.017188 0.065625 0.034375
0 0.174219 0.177344 0.073438 0.070312
0 0.777344 0.339844 0.095312 0.082812
0 0.508594 0.378125 0.054688 0.043750
0 0.066406 0.046094 0.082812 0.089063
0 0.053906 0.868750 0.070312 0.087500
0 0.889844 0.339062 0.067187 0.062500
0 0.402344 0.617969 0.042188 0.042188
0 0.576562 0.528125 0.053125 0.059375
0 0.364844 0.283594 0.054688 0.060937
0 0.356250 0.399219 0.062500 0.067187
0 0.646875 0.375000 0.078125 0.096875
0 0.730469 0.475000 0.076563 0.084375
0 0.886719 0.892969 0.023438 0.029687
0 0.800000 0.768750 0.043750 0.037500
0 0.826562 0.693750 0.028125 0.031250
