0 0.262500 0.095312 0.059375 0.046875
0 0.296094 0.041406 0.079687 0.054688
0 0.909375 0.561719 0.059375 0.045312
0 0.912500 0.752344 0.040625 0.029687
0 0.880469 0.152344 0.067187 0.051562
0 0.421094 0.436719 0.039062 0.048438
0 0.836719 0.752344 0.035937 0.032813
0 0.292969 0.784375 0.057813 0.037500
0 0.212500 0.337500 0.056250 0.056250
0 0.617188 0.331250 0.050000 0.040625
0 0.340625 0.029687 0.065625 0.043750
0 0.402344 0.987500 0.042188 0.021875
0 0.986719 0.529687 0.023438 0.053125
0 0.392969 0.950000 0.039062 0.031250
0 0.665625 0.867188 0.043750 0.037500
0 0.337500 0.116406 0.081250 0.067187
0 0.402344 0.625000 0.064062 0.050000
0 0.795312 0.975000 0.062500 0.050000
0 0.534375 0.014063 0.043750 0.028125
0 0.287500 0.159375 0.062500 0.062500
0 0.533594 0.053906 0.045312 0.039062
0 0.737500 0.931250 0.062500 0.056250
0 0.936719 0.161719 0.064062 0.067187
0 0.171094 0.542969 0.098437 0.070312
0 0.661719 0.304688 0.048438 0.046875
0 0.100000 0.236719 0.059375 0.070312
0 0.956250 0.950000 0.084375 0.081250
0 0.953125 0.870313 0.084375 0.081250
0 0.717969 0.505469 0.064062 0.045312
0 0.290625 0.384375 0.059375 0.050000
0 0.271875 0.624219 0.062500 0.060937
0 0.505469 0.246875 0.060937 0.043750
0 0.608594 0.921094 0.045312 0.045312
0 0.793750 0.446875 0.093750 0.078125
0 0.236719 0.821094 0.126562 0.085938
0 0.465625 0.724219 0.065625 0.070312
0 0.175000 0.452344 0.109375 0.098437
0 0.427344 0.199219 0.064062 0.051562
0 0.284375 0.237500 0.121875 0.109375
0 0.064844 0.298438 0.060937 0.081250
0 0.165625 0.262500 0.068750 0.046875
0 0.483594 0.886719 0.054688 0.039062
0 0.573438 0.181250 0.050000 0.046875
0 0.148438 0.035937 0.115625 0.071875
0 0.812500 0.331250 0.140625 0.140625
0 0.314844 0.546875 0.076563 0.062500
0 0.058594 0.405469 0.095312 0.079687
0 0.581250 0.596094 0.046875 0.054688
0 0.624219 0.017188 0.064062 0.034375
0 0.964844 0.452344 0.070312 0.070312
0 0.471875 0.930469 0.046875 0.042188
0 0.296875 0.917969 0.087500 0.079687
0 0.265625 0.700000 0.075000 0.068750
0 0.578125 0.089063 0.075000 0.071875
