0 0.271094 0.814844 0.054688 0.067187
0 0.671094 0.118750 0.057813 0.056250
0 0.703125 0.656250 0.040625 0.034375
0 0.766406 0.097656 0.089063 0.104688
0 0.628125 0.094531 0.053125 0.048438
0 0.721094 0.046875 0.060937 0.059375
0 0.403125 0.032813 0.059375 0.065625
0 0.478125 0.384375 0.071875 0.053125
0 0.550000 0.093750 0.087500 0.087500
0 0.980469 0.461719 0.035937 0.035937
0 0.596094 0.430469 0.048438 0.048438
0 0.849219 0.076563 0.067187 0.081250
0 0.575000 0.864844 0.090625 0.070312
0 0.877344 0.196094 0.054688 0.070312
0 0.525781 0.377344 0.045312 0.054688
0 0.765625 0.499219 0.046875 0.035937
0 0.656250 0.214844 0.115625 0.098437
0 0.837500 0.321875 0.090625 0.056250
0 0.958594 0.038281 0.079687 0.073438
0 0.956250 0.199219 0.075000 0.082812
0 0.760156 0.214062 0.048438 0.040625
0 0.731250 0.460938 0.053125 0.046875
0 0.533594 0.440625 0.070312 0.053125
0 0.939844 0.283594 0.076563 0.067187
0 0.642969 0.943750 0.070312 0.043750
0 0.664844 0.487500 0.079687 0.087500
0 0.799219 0.467187 0.042188 0.031250
0 0.819531 0.375000 0.035937 0.031250
0 0.735938 0.189844 0.043750 0.026562
0 0.791406 0.021875 0.076563 0.043750
0 0.907813 0.064844 0.040625 0.026562
