0 0.933594 0.560937 0.060937 0.034375
0 0.536719 0.243750 0.064062 0.065625
0 0.358594 0.977344 0.045312 0.039062
0 0.883594 0.124219 0.039062 0.042188
0 0.196094 0.483594 0.060937 0.051562
0 0.955469 0.236719 0.051562 0.032813
0 0.956250 0.867188 0.037500 0.037500
0 0.050000 0.951562 0.100000 0.087500
0 0.370312 0.374219 0.043750 0.042188
0 0.464844 0.205469 0.070312 0.092188
0 0.510938 0.121094 0.050000 0.057813
0 0.368750 0.046875 0.103125 0.081250
0 0.409375 0.346094 0.065625 0.070312
0 0.161719 0.935937 0.070312 0.075000
0 0.186719 0.023438 0.064062 0.046875
0 0.374219 0.146094 0.104688 0.095312
0 0.010937 0.449219 0.021875 0.064062
0 0.818750 0.515625 0.059375 0.050000
0 0.460938 0.122656 0.050000 0.057813
0 0.070312 0.802344 0.115625 0.095312
0 0.130469 0.743750 0.110937 0.087500
0 0.911719 0.043750 0.045312 0.034375
0 0.971094 0.328125 0.039062 0.034375
0 0.265625 0.262500 0.131250 0.115625
0 0.624219 0.190625 0.048438 0.053125
0 0.087500 0.145313 0.143750 0.112500
0 0.546875 0.746094 0.043750 0.039062
0 0.760938 0.487500 0.056250 0.059375
0 0.389844 0.264844 0.110937 0.073438
0 0.014063 0.258594 0.028125 0.045312
0 0.030469 0.058594 0.057813 0.057813
0 0.756250 0.038281 0.056250 0.057813
0 0.756250 0.112500 0.062500 0.046875
0 0.231250 0.524219 0.065625 0.051562
0 0.099219 0.293750 0.089063 0.062500
0 0.714063 0.287500 0.084375 0.078125
0 0.237500 0.140625 0.118750 0.081250
0 0.692187 0.128125 0.103125 0.106250
0 0.430469 0.625000 0.067187 0.062500
0 0.114844 0.464062 0.057813 0.046875
0 0.354687 0.168750 0.078125 0.059375
0 0.221875 0.374219 0.078125 0.073438
0 0.102344 0.980469 0.048438 0.035937
0 0.018750 0.524219 0.037500 0.054688
0 0.456250 0.049219 0.078125 0.089063
0 0.137500 0.392969 0.065625 0.054688
0 0.068750 0.596875 0.053125 0.065625
0 0.572656 0.202344 0.089063 0.089063
0 0.053906 0.659375 0.092188 0.075000
0 0.574219 0.314063 0.082812 0.065625
0 0.583594 0.033594 0.079687 0.064062
0 0.271094 0.889844 0.079687 0.098437
0 0.355469 0.432812 0.095312 0.084375
0 0.371094 0.806250 0.079687 0.075000
0 0.815625 0.678125 0.125000 0.100000
0 0.057813 0.374219 0.068750 0.060937
0 0.284375 0.718750 0.175000 0.121875
0 0.515625 0.412500 0.162500 0.137500
0 0.796094 0.155469 0.064062 0.060937
0 0.947656 0.797656 0.048438 0.042188
0 0.175000 0.842187 0.093750 0.093750
0 0.083594 0.872656 0.051562 0.039062
0 0.024219 0.875000 0.048438 0.046875
