0 0.455469 0.230469 0.048438 0.042188
0 0.721875 0.305469 0.050000 0.054688
0 0.549219 0.586719 0.035937 0.042188
0 0.708594 0.812500 0.045312 0.034375
0 0.180469 0.026562 0.042188 0.043750
0 0.230469 0.980469 0.054688 0.039062
0 0.546875 0.227344 0.053125 0.045312
0 0.127344 0.767969 0.045312 0.039062
0 0.098437 0.028125 0.056250 0.056250
0 0.167969 0.664844 0.070312 0.064062
0 0.118750 0.512500 0.059375 0.043750
0 0.478125 0.286719 0.056250 0.045312
0 0.028906 0.035937 0.057813 0.071875
0 0.670312 0.984375 0.081250 0.031250
0 0.304688 0.396094 0.059375 0.054688
0 0.436719 0.875000 0.057813 0.065625
0 0.566406 0.287500 0.114062 0.071875
0 0.414844 0.273438 0.126562 0.093750
0 0.187500 0.161719 0.146875 0.101562
0 0.153125 0.268750 0.059375 0.040625
0 0.095312 0.625000 0.031250 0.031250
0 0.980469 0.289844 0.039062 0.079687
0 0.284375 0.653125 0.065625 0.046875
0 0.631250 0.398438 0.065625 0.065625
0 0.771875 0.260156 0.109375 0.079687
0 0.196875 0.074219 0.062500 0.048438
0 0.208594 0.465625 0.035937 0.043750
0 0.045312 0.329688 0.056250 0.046875
0 0.539844 0.411719 0.079687 0.067187
0 0.502344 0.098437 0.154688 0.115625
0 0.921875 0.142187 0.112500 0.096875
0 0.074219 0.246094 0.057813 0.070312
0 0.561719 0.648438 0.076563 0.050000
0 0.331250 0.949219 0.078125 0.076563
0 0.756250 0.396094 0.121875 0.085938
0 0.190625 0.352344 0.093750 0.089063
0 0.750000 0.683594 0.106250 0.089063
0 0.350000 0.339844 0.090625 0.064062
0 0.787500 0.543750 0.100000 0.078125
0 0.230469 0.708594 0.060937 0.060937
0 0.456250 0.604688 0.106250 0.090625
0 0.503125 0.750000 0.121875 0.093750
0 0.964063 0.542188 0.071875 0.059375
0 0.350781 0.210938 0.054688 0.037500
