0 0.505469 0.740625 0.057813 0.046875
0 0.557813 0.459375 0.100000 0.100000
0 0.984375 0.521875 0.031250 0.068750
0 0.752344 0.854688 0.067187 0.071875
0 0.231250 0.014063 0.062500 0.028125
0 0.096094 0.908594 0.054688 0.054688
0 0.674219 0.021875 0.067187 0.043750
0 0.961719 0.961719 0.067187 0.070312
0 0.524219 0.050781 0.067187 0.060937
0 0.458594 0.534375 0.035937 0.028125
0 0.221094 0.068750 0.051562 0.056250
0 0.803125 0.581250 0.065625 0.084375
0 0.253125 0.434375 0.062500 0.043750
0 0.639062 0.410938 0.118750 0.078125
0 0.468750 0.146875 0.118750 0.143750
0 0.683594 0.255469 0.067187 0.057813
0 0.685937 0.075781 0.062500 0.054688
0 0.696094 0.649219 0.079687 0.054688
0 0.327344 0.014063 0.042188 0.028125
0 0.587500 0.667969 0.087500 0.089063
0 0.967969 0.349219 0.048438 0.048438
0 0.251563 0.602344 0.118750 0.129688
0 0.605469 0.066406 0.073438 0.073438
0 0.667969 0.580469 0.092188 0.092188
0 0.867969 0.467969 0.076563 0.085938
0 0.340625 0.202344 0.150000 0.126562
0 0.321875 0.371875 0.034375 0.028125
