0 0.881250 0.565625 0.059375 0.056250
0 0.771094 0.530469 0.054688 0.042188
0 0.009375 0.187500 0.018750 0.118750
0 0.380469 0.264844 0.051562 0.067187
0 0.430469 0.278125 0.054688 0.053125
0 0.807813 0.500000 0.056250 0.071875
0 0.167969 0.074219 0.051562 0.051562
0 0.924219 0.711719 0.051562 0.060937
0 0.975000 0.096875 0.050000 0.050000
0 0.015625 0.342969 0.031250 0.051562
0 0.458594 0.925000 0.039062 0.037500
0 0.130469 0.199219 0.048438 0.039062
0 0.189844 0.981250 0.042188 0.037500
0 0.115625 0.396875 0.078125 0.090625
0 0.370312 0.850000 0.040625 0.040625
0 0.781250 0.658594 0.128125 0.114062
0 0.983594 0.458594 0.029687 0.073438
0 0.042969 0.440625 0.085938 0.134375
0 0.741406 0.448437 0.104688 0.100000
0 0.858594 0.015625 0.073438 0.031250
0 0.239063 0.977344 0.043750 0.042188
0 0.965625 0.368750 0.068750 0.078125
0 0.260937 0.777344 0.084375 0.064062
0 0.471094 0.067969 0.079687 0.095312
0 0.078125 0.017188 0.056250 0.034375
0 0.837500 0.142187 0.078125 0.075000
0 0.500000 0.643750 0.053125 0.059375
0 0.088281 0.949219 0.045312 0.057813
0 0.402344 0.152344 0.070312 0.064062
0 0.792969 0.235937 0.064062 0.043750
0 0.431250 0.686719 0.087500 0.089063
0 0.871094 0.496875 0.079687 0.090625
0 0.054688 0.732812 0.109375 0.093750
