0 0.708594 0.352344 0.073438 0.057813
0 0.321094 0.333594 0.045312 0.057813
0 0.227344 0.328125 0.039062 0.031250
0 0.980469 0.290625 0.032813 0.037500
0 0.675000 0.231250 0.040625 0.043750
0 0.630469 0.096094 0.051562 0.048438
0 0.273438 0.268750 0.059375 0.046875
0 0.242188 0.008594 0.059375 0.017188
0 0.161719 0.712500 0.048438 0.034375
0 0.315625 0.403125 0.062500 0.043750
0 0.824219 0.714844 0.045312 0.039062
0 0.714844 0.755469 0.032813 0.029687
0 0.375000 0.125000 0.037500 0.043750
0 0.196094 0.160938 0.051562 0.040625
0 0.966406 0.317188 0.026562 0.031250
0 0.842969 0.271094 0.054688 0.054688
0 0.111719 0.024219 0.060937 0.045312
0 0.114062 0.180469 0.059375 0.054688
0 0.933594 0.418750 0.060937 0.050000
0 0.186719 0.018750 0.051562 0.037500
0 0.831250 0.439844 0.059375 0.076563
0 0.146094 0.084375 0.035937 0.046875
0 0.946875 0.067969 0.050000 0.048438
0 0.192188 0.605469 0.065625 0.067187
0 0.260937 0.109375 0.062500 0.071875
0 0.884375 0.132812 0.118750 0.131250
0 0.724219 0.068750 0.082812 0.087500
