0 0.818750 0.700000 0.028125 0.025000
0 0.440625 0.670312 0.031250 0.028125
0 0.439844 0.554688 0.032813 0.046875
0 0.033594 0.109375 0.048438 0.031250
0 0.342969 0.662500 0.029687 0.031250
0 0.102344 0.305469 0.045312 0.039062
0 0.117188 0.256250 0.050000 0.043750
0 0.324219 0.432812 0.039062 0.046875
0 0.321875 0.732812 0.068750 0.056250
0 0.496875 0.637500 0.037500 0.043750
0 0.592969 0.421875 0.045312 0.050000
0 0.009375 0.542969 0.018750 0.042188
0 0.867969 0.730469 0.045312 0.035937
0 0.984375 0.733594 0.028125 0.057813
0 0.509375 0.568750 0.040625 0.037500
0 0.979688 0.400000 0.037500 0.043750
0 0.124219 0.088281 0.051562 0.039062
0 0.134375 0.896875 0.053125 0.037500
0 0.683594 0.642969 0.057813 0.051562
0 0.031250 0.964844 0.050000 0.045312
0 0.022656 0.287500 0.045312 0.078125
0 0.171875 0.586719 0.062500 0.045312
0 0.085938 0.771094 0.087500 0.085938
0 0.858594 0.339062 0.073438 0.065625
0 0.586719 0.605469 0.057813 0.064062
0 0.927344 0.364844 0.060937 0.064062
