0 0.986719 0.215625 0.026562 0.037500
0 0.477344 0.550000 0.032813 0.046875
0 0.683594 0.589063 0.045312 0.031250
0 0.555469 0.496875 0.082812 0.062500
0 0.814844 0.049219 0.048438 0.039062
0 0.011719 0.525000 0.023438 0.068750
0 0.293750 0.355469 0.043750 0.048438
0 0.636719 0.773438 0.048438 0.043750
0 0.178125 0.046094 0.059375 0.060937
0 0.581250 0.921875 0.043750 0.034375
0 0.411719 0.237500 0.045312 0.043750
0 0.278125 0.967969 0.106250 0.064062
0 0.830469 0.471875 0.035937 0.031250
0 0.020313 0.977344 0.040625 0.045312
0 0.118750 0.346875 0.075000 0.053125
0 0.430469 0.071875 0.051562 0.062500
0 0.546094 0.624219 0.057813 0.051562
0 0.260937 0.474219 0.068750 0.057813
0 0.124219 0.958594 0.085938 0.079687
0 0.164844 0.411719 0.051562 0.045312
0 0.155469 0.883594 0.076563 0.057813
0 0.115625 0.467969 0.056250 0.048438
0 0.312500 0.842969 0.100000 0.095312
0 0.362500 0.262500 0.062500 0.037500
