0 0.542188 0.109375 0.040625 0.037500
0 0.418750 0.059375 0.037500 0.037500
0 0.604688 0.640625 0.046875 0.053125
0 0.064844 0.918750 0.026562 0.028125
0 0.007031 0.521094 0.014063 0.035937
0 0.137500 0.392969 0.068750 0.039062
0 0.463281 0.755469 0.039062 0.042188
0 0.091406 0.421875 0.089063 0.084375
0 0.423438 0.545312 0.046875 0.043750
0 0.114062 0.017188 0.050000 0.034375
0 0.371094 0.076563 0.035937 0.043750
0 0.071875 0.267969 0.075000 0.060937
0 0.264844 0.028906 0.110937 0.057813
0 0.038281 0.857812 0.051562 0.053125
0 0.360938 0.027344 0.043750 0.042188
0 0.014063 0.032813 0.028125 0.065625
0 0.177344 0.117188 0.082812 0.062500
0 0.283594 0.670312 0.064062 0.062500
