0 0.209375 0.168750 0.059375 0.046875
0 0.408594 0.939844 0.035937 0.057813
0 0.308594 0.309375 0.042188 0.065625
0 0.176563 0.050000 0.040625 0.037500
0 0.636719 0.158594 0.032813 0.048438
0 0.149219 0.209375 0.079687 0.071875
0 0.012500 0.289844 0.025000 0.048438
0 0.803125 0.018750 0.059375 0.037500
0 0.489844 0.651563 0.042188 0.043750
0 0.376563 0.635938 0.059375 0.040625
0 0.427344 0.031250 0.092188 0.062500
0 0.896094 0.112500 0.039062 0.043750
0 0.131250 0.064844 0.043750 0.060937
0 0.537500 0.249219 0.050000 0.057813
0 0.460938 0.935937 0.053125 0.065625
0 0.443750 0.325000 0.050000 0.040625
0 0.246094 0.083594 0.092188 0.095312
0 0.203125 0.642969 0.084375 0.070312
0 0.167969 0.431250 0.082812 0.053125
0 0.042969 0.810937 0.048438 0.059375
0 0.672656 0.095312 0.035937 0.034375
0 0.034375 0.055469 0.053125 0.032813
0 0.587500 0.723437 0.043750 0.028125
