0 0.778125 0.091406 0.040625 0.051562
0 0.318750 0.079687 0.040625 0.037500
0 0.417969 0.776563 0.048438 0.053125
0 0.828125 0.725000 0.034375 0.037500
0 0.221094 0.867969 0.060937 0.054688
0 0.654687 0.712500 0.053125 0.046875
0 0.912500 0.184375 0.068750 0.075000
0 0.690625 0.689844 0.068750 0.057813
0 0.481250 0.956250 0.040625 0.046875
0 0.877344 0.509375 0.060937 0.068750
0 0.867969 0.915625 0.042188 0.040625
0 0.311719 0.842187 0.054688 0.050000
0 0.755469 0.624219 0.054688 0.057813
0 0.687500 0.617969 0.081250 0.067187
0 0.415625 0.333594 0.043750 0.045312
0 0.296094 0.029687 0.051562 0.053125
0 0.606250 0.768750 0.087500 0.109375
0 0.032813 0.664844 0.065625 0.129688
0 0.921094 0.834375 0.045312 0.046875
0 0.514844 0.479687 0.051562 0.062500
0 0.258594 0.542969 0.067187 0.079687
0 0.792969 0.561719 0.085938 0.092188
0 0.214844 0.142187 0.079687 0.084375
0 0.939844 0.467969 0.057813 0.067187
0 0.670312 0.434375 0.093750 0.087500
0 0.280469 0.927344 0.076563 0.089063
0 0.917188 0.285938 0.031250 0.037500
