0 0.178125 0.488281 0.043750 0.039062
0 0.475000 0.346094 0.068750 0.045312
0 0.696094 0.452344 0.042188 0.048438
0 0.846875 0.267188 0.037500 0.043750
0 0.546094 0.286719 0.073438 0.092188
0 0.189062 0.543750 0.046875 0.056250
0 0.615625 0.287500 0.068750 0.087500
0 0.656250 0.628125 0.059375 0.081250
0 0.625000 0.028125 0.040625 0.053125
0 0.721094 0.027344 0.057813 0.048438
0 0.200000 0.643750 0.128125 0.125000
0 0.689844 0.439063 0.057813 0.081250
0 0.492969 0.518750 0.148438 0.140625
0 0.235937 0.496875 0.062500 0.071875
0 0.483594 0.025000 0.082812 0.050000
0 0.714063 0.218750 0.062500 0.068750
0 0.750000 0.371094 0.071875 0.060937
0 0.567969 0.618750 0.070312 0.081250
0 0.314063 0.358594 0.065625 0.064062
0 0.871875 0.436719 0.068750 0.085938
0 0.643750 0.171094 0.093750 0.095312
0 0.812500 0.330469 0.062500 0.067187
