0 0.042188 0.096875 0.031250 0.025000
0 0.978125 0.256250 0.043750 0.065625
0 0.277344 0.237500 0.079687 0.100000
0 0.983594 0.392969 0.032813 0.076563
0 0.573438 0.949219 0.137500 0.098437
0 0.878125 0.596875 0.084375 0.059375
0 0.503125 0.714844 0.078125 0.079687
0 0.849219 0.038281 0.095312 0.073438
0 0.175000 0.106250 0.065625 0.053125
0 0.540625 0.399219 0.103125 0.064062
0 0.817969 0.909375 0.057813 0.059375
0 0.437500 0.325000 0.084375 0.109375
0 0.742969 0.843750 0.098437 0.100000
0 0.968750 0.867969 0.059375 0.067187
0 0.548438 0.667188 0.034375 0.034375
