0 0.843750 0.262500 0.053125 0.050000
0 0.827344 0.360156 0.160938 0.107813
0 0.914844 0.296094 0.076563 0.051562
0 0.796094 0.799219 0.051562 0.042188
0 0.527344 0.014063 0.064062 0.028125
0 0.165625 0.612500 0.056250 0.043750
0 0.014063 0.946094 0.028125 0.051562
0 0.809375 0.181250 0.118750 0.087500
0 0.478125 0.692969 0.075000 0.079687
0 0.799219 0.846875 0.057813 0.053125
0 0.630469 0.076563 0.064062 0.050000
0 0.646094 0.146094 0.073438 0.057813
0 0.424219 0.555469 0.057813 0.051562
0 0.035156 0.812500 0.067187 0.068750
0 0.240625 0.862500 0.109375 0.100000
