0 0.571094 0.871094 0.048438 0.042188
0 0.446094 0.014063 0.092188 0.028125
0 0.842969 0.710938 0.051562 0.050000
0 0.208594 0.089844 0.042188 0.042188
0 0.977344 0.624219 0.042188 0.092188
0 0.064062 0.157812 0.040625 0.034375
0 0.050781 0.986719 0.045312 0.023438
0 0.530469 0.780469 0.067187 0.054688
0 0.031250 0.781250 0.046875 0.034375
0 0.431250 0.246875 0.078125 0.071875
0 0.802344 0.527344 0.042188 0.039062
0 0.699219 0.215625 0.070312 0.068750
0 0.324219 0.432812 0.073438 0.056250
0 0.780469 0.020313 0.089063 0.040625
0 0.671875 0.552344 0.068750 0.054688
0 0.740625 0.277344 0.100000 0.079687
0 0.412500 0.780469 0.075000 0.057813
0 0.889844 0.340625 0.085938 0.068750
0 0.242969 0.586719 0.054688 0.042188
0 0.583594 0.412500 0.045312 0.056250
0 0.427344 0.365625 0.123438 0.118750
0 0.264844 0.530469 0.076563 0.045312
0 0.561719 0.352344 0.057813 0.057813
0 0.030469 0.875000 0.060937 0.075000
0 0.721094 0.612500 0.054688 0.068750
0 0.792188 0.392969 0.090625 0.076563
0 0.043750 0.387500 0.084375 0.071875
