0 0.140625 0.278125 0.053125 0.040625
0 0.049219 0.011719 0.051562 0.023438
0 0.186719 0.090625 0.064062 0.084375
0 0.258594 0.253125 0.073438 0.059375
0 0.202344 0.752344 0.073438 0.085938
0 0.350000 0.936719 0.093750 0.073438
0 0.100000 0.303125 0.068750 0.053125
0 0.242969 0.072656 0.064062 0.070312
0 0.583594 0.164844 0.054688 0.039062
0 0.265625 0.484375 0.065625 0.046875
0 0.614844 0.100000 0.089063 0.065625
0 0.096094 0.443750 0.067187 0.050000
0 0.871094 0.034375 0.070312 0.050000
0 0.448437 0.593750 0.065625 0.043750
0 0.180469 0.514844 0.089063 0.054688
0 0.192969 0.606250 0.060937 0.053125
0 0.471875 0.214844 0.081250 0.067187
0 0.699219 0.371875 0.095312 0.109375
0 0.040625 0.211719 0.071875 0.064062
0 0.190625 0.017969 0.087500 0.035937
