0 0.046094 0.292969 0.048438 0.048438
0 0.892969 0.568750 0.051562 0.046875
0 0.118750 0.018750 0.096875 0.037500
0 0.440625 0.980469 0.109375 0.039062
0 0.361719 0.621875 0.120313 0.090625
0 0.026562 0.550000 0.053125 0.053125
0 0.096094 0.274219 0.067187 0.070312
0 0.142187 0.528125 0.043750 0.040625
0 0.236719 0.967187 0.060937 0.053125
0 0.045312 0.220312 0.065625 0.062500
0 0.455469 0.589844 0.067187 0.082812
0 0.231250 0.339844 0.084375 0.067187
0 0.964844 0.546875 0.067187 0.062500
0 0.131250 0.393750 0.087500 0.081250
0 0.064844 0.611719 0.054688 0.064062
0 0.645312 0.916406 0.050000 0.042188
