0 0.171094 0.589063 0.079687 0.043750
0 0.992188 0.027344 0.015625 0.054688
0 0.981250 0.770312 0.031250 0.068750
0 0.967969 0.387500 0.042188 0.068750
0 0.862500 0.318750 0.046875 0.040625
0 0.013281 0.648438 0.026562 0.062500
0 0.437500 0.268750 0.121875 0.075000
0 0.990625 0.127344 0.018750 0.073438
0 0.871875 0.041406 0.109375 0.060937
0 0.199219 0.293750 0.104688 0.062500
0 0.958594 0.314063 0.073438 0.062500
0 0.929688 0.502344 0.053125 0.057813
0 0.975000 0.242188 0.046875 0.043750
0 0.732031 0.082031 0.123438 0.089063
0 0.905469 0.384375 0.076563 0.059375
0 0.811719 0.174219 0.073438 0.054688
0 0.953125 0.183594 0.056250 0.051562
0 0.428125 0.428125 0.034375 0.028125
0 0.639844 0.028906 0.039062 0.026562
