0 0.289844 0.211719 0.039062 0.032813
0 0.793750 0.115625 0.071875 0.062500
0 0.193750 0.428125 0.050000 0.040625
0 0.567969 0.635938 0.067187 0.046875
0 0.049219 0.909375 0.045312 0.037500
0 0.658594 0.955469 0.054688 0.045312
0 0.192969 0.843750 0.045312 0.037500
0 0.380469 0.103125 0.045312 0.043750
0 0.082031 0.714844 0.051562 0.039062
0 0.162500 0.918750 0.046875 0.056250
0 0.711719 0.728125 0.048438 0.046875
0 0.971875 0.964844 0.046875 0.051562
0 0.831250 0.227344 0.037500 0.032813
0 0.912500 0.018750 0.059375 0.037500
0 0.896094 0.890625 0.048438 0.050000
0 0.456250 0.792969 0.059375 0.067187
0 0.218750 0.371094 0.090625 0.076563
0 0.624219 0.433594 0.060937 0.057813
0 0.076563 0.971094 0.065625 0.048438
0 0.840625 0.640625 0.040625 0.040625
0 0.202344 0.145313 0.042188 0.050000
0 0.262500 0.050781 0.109375 0.082812
0 0.605469 0.552344 0.039062 0.032813
0 0.471875 0.568750 0.046875 0.034375
0 0.724219 0.142187 0.048438 0.043750
0 0.742969 0.458594 0.064062 0.073438
0 0.780469 0.737500 0.073438 0.075000
0 0.846875 0.800000 0.053125 0.043750
0 0.035937 0.776563 0.062500 0.068750
0 0.076563 0.855469 0.100000 0.089063
0 0.130469 0.792969 0.054688 0.039062
0 0.361719 0.354687 0.045312 0.043750
0 0.646094 0.807813 0.039062 0.034375
0 0.837500 0.883594 0.056250 0.057813
0 0.436719 0.227344 0.064062 0.045312
0 0.858594 0.026562 0.060937 0.050000
0 0.102344 0.417187 0.073438 0.090625
0 0.136719 0.974219 0.054688 0.051562
0 0.200000 0.693750 0.053125 0.050000
0 0.186719 0.771094 0.048438 0.045312
0 0.811719 0.931250 0.042188 0.040625
0 0.475000 0.367188 0.068750 0.068750
0 0.401562 0.678125 0.065625 0.075000
0 0.471094 0.687500 0.045312 0.043750
0 0.542969 0.250000 0.051562 0.040625
0 0.933594 0.236719 0.073438 0.060937
0 0.936719 0.335938 0.057813 0.050000
0 0.655469 0.734375 0.054688 0.037500
0 0.284375 0.434375 0.056250 0.046875
0 0.654687 0.496875 0.056250 0.068750
0 0.267969 0.808594 0.076563 0.060937
0 0.564844 0.886719 0.051562 0.045312
0 0.282813 0.253125 0.065625 0.050000
0 0.267188 0.914844 0.062500 0.076563
0 0.814844 0.383594 0.048438 0.048438
0 0.186719 0.249219 0.051562 0.070312
0 0.260937 0.982812 0.050000 0.034375
0 0.469531 0.057813 0.026562 0.028125
