0 0.539844 0.989844 0.039062 0.017188
0 0.013281 0.639062 0.026562 0.046875
0 0.057031 0.187500 0.057813 0.031250
0 0.165625 0.355469 0.053125 0.048438
0 0.846875 0.618750 0.043750 0.028125
0 0.007812 0.239063 0.015625 0.043750
0 0.099219 0.105469 0.076563 0.048438
0 0.578125 0.145313 0.053125 0.040625
0 0.564844 0.655469 0.048438 0.045312
0 0.743750 0.968750 0.062500 0.056250
0 0.057813 0.355469 0.050000 0.045312
0 0.558594 0.590625 0.045312 0.025000
0 0.502344 0.484375 0.064062 0.056250
0 0.710938 0.710938 0.056250 0.050000
0 0.746094 0.765625 0.051562 0.037500
0 0.842187 0.236719 0.068750 0.045312
0 0.885938 0.152344 0.046875 0.042188
0 0.025000 0.986719 0.050000 0.026562
0 0.042188 0.143750 0.084375 0.053125
0 0.481250 0.828125 0.059375 0.043750
0 0.664844 0.831250 0.064062 0.043750
0 0.455469 0.886719 0.057813 0.051562
0 0.971094 0.817969 0.048438 0.045312
0 0.161719 0.605469 0.057813 0.045312
0 0.581250 0.850000 0.065625 0.040625
0 0.078125 0.330469 0.093750 0.076563
0 0.836719 0.708594 0.035937 0.029687
0 0.531250 0.921875 0.040625 0.040625
0 0.711719 0.577344 0.070312 0.054688
0 0.521094 0.324219 0.057813 0.045312
0 0.318750 0.839844 0.065625 0.070312
0 0.289844 0.984375 0.092188 0.028125
0 0.899219 0.350000 0.070312 0.065625
0 0.227344 0.655469 0.064062 0.045312
0 0.396875 0.874219 0.062500 0.039062
0 0.333594 0.737500 0.064062 0.062500
0 0.336719 0.577344 0.051562 0.042188
0 0.237500 0.346094 0.081250 0.070312
0 0.502344 0.224219 0.082812 0.048438
0 0.196094 0.306250 0.057813 0.046875
0 0.023438 0.029687 0.046875 0.056250
0 0.779687 0.324219 0.093750 0.064062
0 0.590625 0.487500 0.056250 0.053125
0 0.378125 0.186719 0.056250 0.064062
0 0.533594 0.088281 0.067187 0.051562
0 0.639062 0.975000 0.068750 0.046875
0 0.235937 0.718750 0.068750 0.068750
0 0.545312 0.964844 0.043750 0.042188
0 0.227344 0.233594 0.064062 0.057813
0 0.414844 0.539844 0.042188 0.039062
0 0.193750 0.053906 0.075000 0.076563
0 0.167969 0.886719 0.104688 0.073438
0 0.073438 0.714844 0.078125 0.079687
0 0.642969 0.668750 0.057813 0.050000
0 0.658594 0.339844 0.082812 0.092188
0 0.811719 0.171094 0.079687 0.089063
0 0.971875 0.664844 0.053125 0.045312
0 0.739844 0.461719 0.079687 0.067187
0 0.405469 0.721875 0.060937 0.056250
0 0.367969 0.307812 0.070312 0.068750
0 0.125781 0.182812 0.051562 0.037500
