0 0.987500 0.210938 0.025000 0.059375
0 0.940625 0.365625 0.050000 0.053125
0 0.327344 0.677344 0.048438 0.032813
0 0.333594 0.209375 0.045312 0.021875
0 0.614844 0.325000 0.032813 0.034375
0 0.128125 0.142187 0.040625 0.031250
0 0.881250 0.917969 0.046875 0.035937
0 0.515625 0.218750 0.056250 0.050000
0 0.687500 0.917969 0.062500 0.051562
0 0.577344 0.271094 0.029687 0.026562
0 0.225000 0.210938 0.071875 0.040625
0 0.817969 0.192969 0.045312 0.054688
0 0.074219 0.142969 0.057813 0.042188
0 0.543750 0.017188 0.053125 0.034375
0 0.175000 0.137500 0.071875 0.050000
0 0.267969 0.552344 0.051562 0.048438
0 0.371094 0.407813 0.042188 0.040625
0 0.378125 0.630469 0.043750 0.051562
0 0.414844 0.987500 0.054688 0.021875
0 0.663281 0.316406 0.057813 0.060937
0 0.628125 0.007812 0.065625 0.015625
0 0.284375 0.383594 0.056250 0.064062
0 0.100000 0.082031 0.068750 0.079687
0 0.430469 0.642969 0.039062 0.039062
0 0.277344 0.014063 0.070312 0.028125
0 0.167969 0.430469 0.095312 0.060937
0 0.937500 0.930469 0.050000 0.039062
0 0.433594 0.392188 0.051562 0.046875
0 0.028125 0.028125 0.056250 0.056250
0 0.950000 0.230469 0.068750 0.054688
0 0.298438 0.152344 0.090625 0.082812
0 0.960938 0.979688 0.071875 0.040625
0 0.070312 0.253125 0.096875 0.068750
0 0.449219 0.159375 0.045312 0.034375
0 0.890625 0.189062 0.065625 0.043750
0 0.300000 0.861719 0.071875 0.060937
0 0.315625 0.058594 0.137500 0.095312
0 0.415625 0.574219 0.065625 0.060937
0 0.193750 0.686719 0.053125 0.057813
0 0.589063 0.608594 0.046875 0.045312
0 0.259375 0.756250 0.109375 0.096875
0 0.621875 0.952344 0.053125 0.054688
0 0.853125 0.421094 0.065625 0.067187
0 0.584375 0.177344 0.050000 0.045312
0 0.967969 0.555469 0.060937 0.060937
0 0.481250 0.730469 0.075000 0.067187
0 0.492969 0.890625 0.064062 0.046875
0 0.184375 0.346875 0.106250 0.096875
0 0.790625 0.483594 0.078125 0.070312
0 0.483594 0.943750 0.051562 0.050000
0 0.276562 0.615625 0.084375 0.071875
0 0.796094 0.362500 0.092188 0.118750
0 0.592187 0.079687 0.068750 0.068750
0 0.327344 0.480469 0.079687 0.079687
0 0.340625 0.549219 0.025000 0.035937
