0 0.771094 0.071875 0.051562 0.043750
0 0.971094 0.296094 0.054688 0.060937
0 0.605469 0.511719 0.045312 0.045312
0 0.483594 0.327344 0.035937 0.048438
0 0.640625 0.323437 0.071875 0.075000
0 0.839844 0.439844 0.070312 0.060937
0 0.917188 0.961719 0.034375 0.039062
0 0.856250 0.215625 0.059375 0.050000
0 0.742969 0.028125 0.054688 0.040625
0 0.687500 0.725000 0.034375 0.043750
0 0.480469 0.424219 0.057813 0.051562
0 0.565625 0.606250 0.040625 0.040625
0 0.742969 0.280469 0.048438 0.039062
0 0.805469 0.625000 0.057813 0.046875
0 0.839063 0.171875 0.065625 0.062500
0 0.567969 0.242969 0.073438 0.051562
0 0.688281 0.281250 0.079687 0.090625
0 0.757812 0.200000 0.103125 0.096875
0 0.411719 0.022656 0.060937 0.045312
0 0.726562 0.143750 0.059375 0.081250
0 0.634375 0.236719 0.053125 0.054688
0 0.586719 0.174219 0.060937 0.057813
0 0.706250 0.780469 0.037500 0.042188
0 0.642969 0.161719 0.067187 0.057813
0 0.530469 0.418750 0.048438 0.046875
0 0.682813 0.600000 0.078125 0.106250
0 0.774219 0.327344 0.051562 0.054688
0 0.539844 0.503125 0.076563 0.056250
0 0.550000 0.125000 0.084375 0.071875
0 0.971875 0.200000 0.053125 0.068750
0 0.974219 0.109375 0.051562 0.087500
0 0.796875 0.108594 0.075000 0.067187
0 0.959375 0.377344 0.071875 0.064062
0 0.960938 0.025000 0.078125 0.050000
0 0.674219 0.192188 0.032813 0.040625
0 0.910937 0.209375 0.046875 0.037500
0 0.943750 0.082031 0.037500 0.039062
0 0.738281 0.575781 0.042188 0.045312
0 0.836719 0.515625 0.032813 0.028125
