0 0.124219 0.469531 0.042188 0.029687
0 0.760938 0.346875 0.037500 0.034375
0 0.959375 0.717969 0.050000 0.048438
0 0.552344 0.862500 0.035937 0.031250
0 0.828125 0.371094 0.053125 0.048438
0 0.868750 0.455469 0.040625 0.045312
0 0.277344 0.274219 0.051562 0.051562
0 0.343750 0.774219 0.043750 0.035937
0 0.192969 0.009375 0.048438 0.018750
0 0.183594 0.768750 0.060937 0.068750
0 0.305469 0.989844 0.064062 0.020313
0 0.768750 0.909375 0.034375 0.037500
0 0.318750 0.545312 0.065625 0.053125
0 0.911719 0.937500 0.051562 0.040625
0 0.030469 0.828125 0.035937 0.037500
0 0.312500 0.471094 0.062500 0.060937
0 0.347656 0.518750 0.079687 0.046875
0 0.979688 0.924219 0.040625 0.064062
0 0.164844 0.442969 0.057813 0.048438
0 0.765625 0.821094 0.043750 0.042188
0 0.396875 0.955469 0.043750 0.032813
0 0.303125 0.368750 0.040625 0.046875
0 0.061719 0.631250 0.048438 0.046875
0 0.255469 0.846094 0.057813 0.042188
0 0.642969 0.974219 0.060937 0.051562
0 0.400000 0.809375 0.081250 0.065625
0 0.906250 0.309375 0.059375 0.062500
0 0.764062 0.292187 0.043750 0.040625
0 0.811719 0.486719 0.057813 0.042188
0 0.783594 0.414844 0.060937 0.039062
0 0.783594 0.983594 0.039062 0.032813
0 0.639844 0.642969 0.076563 0.060937
0 0.875000 0.587500 0.053125 0.046875
0 0.493750 0.874219 0.065625 0.067187
0 0.236719 0.398438 0.067187 0.062500
0 0.708594 0.796875 0.042188 0.046875
0 0.692969 0.711719 0.076563 0.051562
0 0.471875 0.943750 0.065625 0.046875
0 0.358594 0.261719 0.073438 0.060937
0 0.387500 0.412500 0.062500 0.068750
0 0.214844 0.637500 0.082812 0.093750
