0 0.639844 0.018750 0.054688 0.037500
0 0.243750 0.021094 0.050000 0.029687
0 0.358594 0.127344 0.042188 0.032813
0 0.284375 0.609375 0.034375 0.034375
0 0.799219 0.523438 0.026562 0.028125
0 0.258594 0.473438 0.073438 0.056250
0 0.673438 0.469531 0.062500 0.039062
0 0.403906 0.524219 0.057813 0.067187
0 0.687500 0.155469 0.043750 0.035937
0 0.748437 0.392969 0.040625 0.045312
0 0.311719 0.014063 0.073438 0.028125
0 0.604688 0.492969 0.037500 0.039062
0 0.402344 0.874219 0.045312 0.042188
0 0.011719 0.752344 0.020313 0.032813
0 0.542969 0.189844 0.035937 0.039062
0 0.206250 0.980469 0.050000 0.035937
0 0.137500 0.986719 0.062500 0.026562
0 0.546094 0.578125 0.064062 0.062500
0 0.780469 0.007031 0.039062 0.014063
0 0.989844 0.671875 0.020313 0.075000
0 0.725000 0.883594 0.040625 0.039062
0 0.854688 0.499219 0.056250 0.032813
0 0.552344 0.342969 0.042188 0.035937
0 0.677344 0.377344 0.051562 0.042188
0 0.985156 0.967187 0.020313 0.037500
0 0.464844 0.602344 0.045312 0.051562
0 0.355469 0.634375 0.057813 0.034375
0 0.477344 0.846094 0.064062 0.054688
0 0.880469 0.189062 0.092188 0.078125
0 0.273438 0.956250 0.078125 0.068750
0 0.287500 0.058594 0.062500 0.039062
0 0.355469 0.967969 0.079687 0.060937
0 0.503125 0.928125 0.053125 0.059375
0 0.500000 0.699219 0.056250 0.045312
0 0.321094 0.746094 0.051562 0.054688
0 0.668750 0.096094 0.053125 0.051562
0 0.768750 0.567969 0.046875 0.042188
0 0.656250 0.818750 0.059375 0.043750
0 0.306250 0.658594 0.056250 0.051562
0 0.862500 0.730469 0.056250 0.039062
0 0.911719 0.846875 0.045312 0.046875
0 0.278125 0.433594 0.062500 0.042188
0 0.887500 0.340625 0.096875 0.081250
0 0.308594 0.886719 0.079687 0.060937
0 0.431250 0.464844 0.043750 0.045312
0 0.671094 0.884375 0.054688 0.053125
0 0.955469 0.858594 0.048438 0.042188
0 0.035156 0.418750 0.064062 0.059375
0 0.449219 0.715625 0.060937 0.046875
0 0.857812 0.855469 0.056250 0.045312
0 0.503125 0.271094 0.059375 0.045312
0 0.901563 0.967969 0.056250 0.048438
0 0.311719 0.296094 0.039062 0.039062
0 0.255469 0.256250 0.045312 0.034375
0 0.064844 0.886719 0.076563 0.089063
0 0.608594 0.862500 0.073438 0.071875
0 0.600000 0.284375 0.056250 0.071875
0 0.448437 0.933594 0.071875 0.076563
0 0.670312 0.242188 0.081250 0.056250
0 0.662500 0.727344 0.075000 0.060937
0 0.807813 0.815625 0.071875 0.053125
0 0.139844 0.802344 0.067187 0.057813
0 0.783594 0.468750 0.064062 0.075000
0 0.095312 0.668750 0.031250 0.028125
0 0.233594 0.532031 0.032813 0.020313
