0 0.051562 0.189844 0.068750 0.039062
0 0.029687 0.646094 0.040625 0.048438
0 0.018750 0.314844 0.037500 0.039062
0 0.899219 0.242969 0.064062 0.039062
0 0.309375 0.978125 0.096875 0.043750
0 0.432812 0.214844 0.056250 0.035937
0 0.648438 0.071875 0.056250 0.040625
0 0.412500 0.471094 0.053125 0.042188
0 0.762500 0.214844 0.059375 0.045312
0 0.186719 0.977344 0.076563 0.042188
0 0.239844 0.417969 0.064062 0.051562
0 0.050000 0.918750 0.056250 0.100000
0 0.571094 0.153125 0.076563 0.062500
0 0.190625 0.007812 0.093750 0.015625
0 0.640625 0.884375 0.056250 0.037500
0 0.114062 0.575000 0.037500 0.040625
0 0.784375 0.496094 0.059375 0.045312
0 0.130469 0.264844 0.067187 0.048438
0 0.287500 0.303125 0.053125 0.043750
0 0.525000 0.562500 0.131250 0.096875
0 0.816406 0.028125 0.070312 0.050000
0 0.433594 0.510938 0.070312 0.043750
0 0.696094 0.429688 0.054688 0.056250
0 0.289062 0.360156 0.109375 0.073438
0 0.383594 0.978125 0.064062 0.043750
0 0.271094 0.259375 0.070312 0.050000
0 0.576562 0.023438 0.053125 0.046875
0 0.764844 0.027344 0.048438 0.042188
0 0.117969 0.983594 0.064062 0.032813
0 0.082031 0.242188 0.117188 0.059375
0 0.871094 0.339844 0.042188 0.051562
0 0.481250 0.253125 0.087500 0.065625
0 0.491406 0.342187 0.079687 0.103125
0 0.917969 0.159375 0.042188 0.031250
0 0.974219 0.462500 0.045312 0.040625
0 0.493750 0.627344 0.109375 0.079687
0 0.145313 0.525000 0.071875 0.053125
0 0.277344 0.889062 0.167187 0.131250
0 0.696875 0.271875 0.103125 0.087500
0 0.396875 0.385937 0.100000 0.078125
0 0.571094 0.343750 0.151562 0.128125
0 0.758594 0.150000 0.054688 0.046875
0 0.073438 0.478125 0.053125 0.043750
0 0.136719 0.053125 0.045312 0.068750
0 0.080469 0.812500 0.057813 0.050000
0 0.200000 0.124219 0.062500 0.057813
0 0.355469 0.460938 0.073438 0.065625
0 0.114844 0.914844 0.070312 0.054688
0 0.082812 0.015625 0.062500 0.031250
0 0.436719 0.792969 0.067187 0.054688
0 0.220312 0.233594 0.071875 0.051562
0 0.352344 0.589844 0.098437 0.092188
0 0.237500 0.668750 0.059375 0.059375
0 0.025000 0.983594 0.050000 0.032813
0 0.671875 0.204687 0.075000 0.075000
0 0.378125 0.274219 0.103125 0.110937
0 0.639844 0.020313 0.067187 0.040625
0 0.057031 0.752344 0.082812 0.101562
0 0.193750 0.617188 0.065625 0.065625
0 0.454688 0.162500 0.090625 0.068750
0 0.818750 0.900000 0.100000 0.109375
0 0.228125 0.531250 0.075000 0.075000
0 0.105469 0.406250 0.073438 0.065625
0 0.417187 0.074219 0.093750 0.092188
0 0.361719 0.160938 0.085938 0.093750
0 0.773438 0.658594 0.078125 0.076563
0 0.799219 0.267969 0.064062 0.054688
0 0.571094 0.458594 0.079687 0.082812
0 0.035156 0.131250 0.060937 0.062500
0 0.680469 0.046094 0.045312 0.032813
