0 0.037500 0.060937 0.053125 0.043750
0 0.083594 0.097656 0.076563 0.092188
0 0.305469 0.015625 0.051562 0.031250
0 0.014063 0.625000 0.028125 0.075000
0 0.215625 0.173437 0.071875 0.087500
0 0.983594 0.578125 0.032813 0.084375
0 0.209375 0.096875 0.050000 0.050000
0 0.123438 0.724219 0.059375 0.048438
0 0.554688 0.881250 0.046875 0.046875
0 0.967969 0.733594 0.060937 0.089063
0 0.943750 0.051562 0.053125 0.037500
0 0.150000 0.074219 0.056250 0.060937
0 0.046875 0.503125 0.043750 0.040625
0 0.100000 0.852344 0.037500 0.039062
0 0.103125 0.021875 0.071875 0.043750
0 0.023438 0.106250 0.046875 0.103125
0 0.765625 0.555469 0.128125 0.110937
0 0.027344 0.192969 0.054688 0.073438
0 0.175000 0.015625 0.059375 0.031250
0 0.199219 0.625000 0.073438 0.059375
0 0.200000 0.284375 0.071875 0.065625
0 0.403125 0.543750 0.103125 0.078125
0 0.630469 0.682813 0.076563 0.084375
0 0.764062 0.980469 0.087500 0.035937
0 0.251563 0.371875 0.062500 0.081250
0 0.212500 0.712500 0.040625 0.046875
0 0.283594 0.143750 0.057813 0.065625
0 0.543750 0.703125 0.081250 0.084375
0 0.025000 0.017188 0.050000 0.034375
0 0.237500 0.964844 0.068750 0.067187
0 0.190625 0.380469 0.065625 0.092188
0 0.561719 0.958594 0.076563 0.079687
0 0.280469 0.073438 0.079687 0.078125
0 0.300000 0.935937 0.068750 0.068750
0 0.458594 0.300000 0.082812 0.078125
0 0.079687 0.439844 0.059375 0.070312
0 0.459375 0.927344 0.100000 0.085938
0 0.512500 0.355469 0.131250 0.135937
0 0.333594 0.621094 0.079687 0.098437
0 0.918750 0.424219 0.109375 0.092188
0 0.378125 0.035937 0.075000 0.071875
0 0.955469 0.878125 0.064062 0.059375
0 0.108594 0.189844 0.057813 0.076563
0 0.567187 0.580469 0.109375 0.107813
0 0.186719 0.558594 0.079687 0.079687
0 0.752344 0.692187 0.114062 0.118750
0 0.781250 0.873437 0.087500 0.109375
0 0.143750 0.325781 0.056250 0.073438
0 0.356250 0.451562 0.053125 0.037500
