0 0.667188 0.628125 0.065625 0.053125
0 0.014063 0.117969 0.028125 0.054688
0 0.708594 0.412500 0.057813 0.056250
0 0.599219 0.669531 0.054688 0.035937
0 0.161719 0.017188 0.048438 0.034375
0 0.518750 0.661719 0.084375 0.076563
0 0.555469 0.117969 0.048438 0.048438
0 0.468750 0.771875 0.115625 0.143750
0 0.593750 0.715625 0.056250 0.059375
0 0.100000 0.090625 0.037500 0.040625
0 0.353125 0.796875 0.143750 0.140625
0 0.633594 0.512500 0.092188 0.112500
0 0.130469 0.306250 0.064062 0.071875
0 0.561719 0.196875 0.073438 0.078125
0 0.299219 0.173437 0.070312 0.071875
0 0.236719 0.599219 0.064062 0.092188
0 0.330469 0.530469 0.079687 0.120313
0 0.440625 0.465625 0.062500 0.071875
0 0.462500 0.160938 0.103125 0.084375
0 0.235937 0.211719 0.068750 0.089063
0 0.671875 0.711719 0.081250 0.076563
0 0.955469 0.117188 0.064062 0.062500
0 0.508594 0.315625 0.129688 0.125000
0 0.781250 0.109375 0.087500 0.109375
0 0.753125 0.262500 0.106250 0.118750
