0 0.109375 0.362500 0.059375 0.043750
0 0.696875 0.745313 0.034375 0.046875
0 0.624219 0.679688 0.035937 0.034375
0 0.090625 0.568750 0.046875 0.040625
0 0.774219 0.746875 0.045312 0.043750
0 0.774219 0.014063 0.054688 0.028125
0 0.403906 0.303125 0.089063 0.065625
0 0.264844 0.510938 0.070312 0.046875
0 0.423438 0.640625 0.081250 0.065625
0 0.703906 0.032031 0.070312 0.064062
0 0.542188 0.199219 0.053125 0.057813
0 0.784375 0.456250 0.046875 0.071875
0 0.878125 0.412500 0.050000 0.043750
0 0.164844 0.286719 0.048438 0.048438
0 0.698438 0.202344 0.081250 0.060937
0 0.921875 0.921875 0.050000 0.059375
0 0.767969 0.834375 0.057813 0.062500
0 0.883594 0.824219 0.060937 0.045312
0 0.049219 0.528125 0.045312 0.043750
0 0.867969 0.051562 0.057813 0.053125
0 0.058594 0.665625 0.051562 0.043750
0 0.490625 0.057813 0.128125 0.115625
0 0.562500 0.686719 0.075000 0.060937
0 0.952344 0.980469 0.073438 0.039062
0 0.656250 0.971094 0.093750 0.054688
0 0.921875 0.590625 0.059375 0.056250
0 0.745313 0.983594 0.068750 0.032813
0 0.567969 0.792969 0.073438 0.076563
0 0.905469 0.290625 0.076563 0.084375
0 0.712500 0.904687 0.109375 0.078125
0 0.964844 0.796875 0.045312 0.050000
0 0.737500 0.683594 0.087500 0.089063
0 0.953906 0.842969 0.060937 0.051562
