0 0.142969 0.990625 0.039062 0.018750
0 0.729688 0.084375 0.040625 0.071875
0 0.221094 0.732812 0.057813 0.037500
0 0.896094 0.682813 0.054688 0.050000
0 0.758594 0.284375 0.073438 0.050000
0 0.012500 0.967969 0.025000 0.042188
0 0.095312 0.908594 0.056250 0.042188
0 0.790625 0.546094 0.043750 0.045312
0 0.974219 0.821094 0.045312 0.076563
0 0.284375 0.924219 0.050000 0.045312
0 0.015625 0.936719 0.031250 0.039062
0 0.190625 0.455469 0.046875 0.039062
0 0.333594 0.661719 0.054688 0.054688
0 0.224219 0.846875 0.045312 0.043750
0 0.078125 0.971875 0.062500 0.046875
0 0.780469 0.867188 0.076563 0.075000
0 0.930469 0.653125 0.082812 0.100000
0 0.139844 0.671094 0.060937 0.048438
0 0.749219 0.023438 0.076563 0.046875
0 0.653125 0.028125 0.087500 0.056250
0 0.971875 0.927344 0.050000 0.045312
0 0.833594 0.742969 0.085938 0.101562
0 0.796875 0.339844 0.065625 0.064062
0 0.975000 0.887500 0.046875 0.037500
0 0.771094 0.080469 0.045312 0.064062
0 0.050000 0.792969 0.090625 0.060937
0 0.464844 0.975000 0.073438 0.050000
0 0.946094 0.041406 0.085938 0.082812
0 0.028906 0.661719 0.057813 0.076563
0 0.787500 0.220312 0.078125 0.065625
0 0.106250 0.750000 0.046875 0.053125
0 0.828125 0.412500 0.062500 0.065625
0 0.968750 0.743750 0.062500 0.065625
0 0.718750 0.371094 0.090625 0.098437
0 0.857812 0.930469 0.075000 0.076563
0 0.258594 0.361719 0.085938 0.082812
0 0.830469 0.578125 0.057813 0.056250
0 0.645312 0.114844 0.103125 0.104688
