0 0.830469 0.576562 0.048438 0.050000
0 0.708594 0.943750 0.032813 0.031250
0 0.781250 0.317969 0.018750 0.023438
0 0.914844 0.151562 0.092188 0.059375
0 0.989844 0.164844 0.017188 0.039062
0 0.167969 0.861719 0.051562 0.054688
0 0.571875 0.007031 0.046875 0.014063
0 0.768750 0.639844 0.031250 0.029687
0 0.346094 0.011719 0.045312 0.023438
0 0.956250 0.431250 0.043750 0.043750
0 0.324219 0.452344 0.045312 0.060937
0 0.506250 0.318750 0.059375 0.040625
0 0.224219 0.471094 0.035937 0.026562
0 0.186719 0.792969 0.064062 0.067187
0 0.835938 0.402344 0.050000 0.064062
0 0.189062 0.100000 0.050000 0.046875
0 0.146094 0.199219 0.032813 0.035937
0 0.893750 0.221094 0.084375 0.085938
0 0.674219 0.330469 0.039062 0.039062
0 0.731250 0.464844 0.043750 0.035937
0 0.192969 0.028906 0.048438 0.042188
0 0.261719 0.217969 0.051562 0.067187
0 0.371875 0.221094 0.053125 0.054688
0 0.087500 0.042188 0.050000 0.040625
0 0.833594 0.193750 0.057813 0.056250
0 0.456250 0.015625 0.043750 0.031250
0 0.721875 0.153125 0.071875 0.059375
0 0.112500 0.114844 0.065625 0.054688
0 0.111719 0.292969 0.060937 0.057813
0 0.924219 0.571875 0.073438 0.062500
