0 0.687500 0.921094 0.046875 0.042188
0 0.271094 0.392969 0.051562 0.048438
0 0.096094 0.136719 0.042188 0.042188
0 0.230469 0.925000 0.054688 0.046875
0 0.255469 0.724219 0.051562 0.048438
0 0.486719 0.946094 0.048438 0.045312
0 0.428125 0.842187 0.046875 0.043750
0 0.967969 0.627344 0.039062 0.064062
0 0.021875 0.581250 0.043750 0.065625
0 0.324219 0.736719 0.070312 0.054688
0 0.846094 0.589063 0.067187 0.081250
0 0.982812 0.977344 0.034375 0.042188
0 0.114062 0.567969 0.062500 0.057813
0 0.128125 0.349219 0.046875 0.064062
0 0.633594 0.842969 0.045312 0.042188
0 0.915625 0.624219 0.068750 0.089063
0 0.164844 0.946094 0.060937 0.057813
0 0.581250 0.914844 0.053125 0.095312
