0 0.315625 0.656250 0.043750 0.046875
0 0.313281 0.331250 0.079687 0.078125
0 0.292187 0.983594 0.046875 0.029687
0 0.022656 0.909375 0.045312 0.053125
0 0.105469 0.984375 0.070312 0.031250
0 0.028125 0.581250 0.050000 0.059375
0 0.981250 0.758594 0.037500 0.076563
0 0.405469 0.880469 0.054688 0.048438
0 0.268750 0.278125 0.056250 0.062500
0 0.231250 0.162500 0.053125 0.050000
0 0.971875 0.984375 0.043750 0.031250
0 0.097656 0.786719 0.051562 0.045312
0 0.424219 0.078906 0.051562 0.045312
0 0.486719 0.183594 0.045312 0.045312
0 0.981250 0.242969 0.037500 0.092188
0 0.164844 0.800000 0.048438 0.059375
0 0.181250 0.708594 0.056250 0.067187
0 0.630469 0.082812 0.045312 0.043750
0 0.090625 0.398438 0.109375 0.106250
0 0.165625 0.183594 0.059375 0.057813
0 0.583594 0.152344 0.054688 0.092188
