0 0.981250 0.449219 0.028125 0.039062
0 0.402344 0.925000 0.051562 0.046875
0 0.681250 0.701562 0.062500 0.050000
0 0.702344 0.889062 0.045312 0.046875
0 0.130469 0.309375 0.076563 0.065625
0 0.368750 0.958594 0.040625 0.064062
0 0.690625 0.276562 0.043750 0.046875
0 0.316406 0.028906 0.070312 0.057813
0 0.477344 0.425000 0.048438 0.043750
0 0.177344 0.845313 0.048438 0.056250
0 0.306250 0.920312 0.037500 0.050000
0 0.475000 0.975000 0.056250 0.046875
0 0.857812 0.117188 0.043750 0.043750
0 0.020313 0.803125 0.037500 0.106250
0 0.796094 0.402344 0.054688 0.060937
0 0.905469 0.620313 0.073438 0.050000
0 0.511719 0.355469 0.051562 0.048438
0 0.228125 0.671094 0.037500 0.045312
0 0.149219 0.775000 0.060937 0.071875
0 0.656250 0.020313 0.078125 0.040625
0 0.353125 0.842187 0.093750 0.093750
0 0.542969 0.175000 0.067187 0.065625
0 0.961719 0.852344 0.073438 0.076563
0 0.489844 0.612500 0.048438 0.046875
0 0.856250 0.417187 0.053125 0.062500
0 0.336719 0.742969 0.076563 0.073438
0 0.658594 0.980469 0.076563 0.035937
0 0.790625 0.909375 0.053125 0.050000
0 0.806250 0.032813 0.075000 0.065625
0 0.815625 0.228125 0.068750 0.093750
0 0.734375 0.192969 0.056250 0.057813
0 0.783594 0.471875 0.070312 0.065625
0 0.836719 0.783594 0.067187 0.073438
0 0.683594 0.124219 0.045312 0.067187
0 0.065625 0.733594 0.053125 0.060937
