0 0.983594 0.398438 0.032813 0.065625
0 0.168750 0.836719 0.046875 0.051562
0 0.611719 0.367969 0.070312 0.057813
0 0.370312 0.439063 0.037500 0.056250
0 0.027344 0.811719 0.054688 0.095312
0 0.467969 0.009375 0.054688 0.018750
0 0.736719 0.228125 0.039062 0.040625
0 0.159375 0.324219 0.068750 0.073438
0 0.383594 0.989844 0.045312 0.020313
0 0.431250 0.774219 0.046875 0.054688
0 0.054688 0.867188 0.040625 0.037500
0 0.013281 0.886719 0.026562 0.039062
0 0.906250 0.505469 0.053125 0.045312
0 0.093750 0.293750 0.062500 0.056250
0 0.583594 0.131250 0.051562 0.062500
0 0.454688 0.627344 0.043750 0.039062
0 0.565625 0.399219 0.062500 0.079687
0 0.183594 0.102344 0.057813 0.042188
0 0.489844 0.921094 0.035937 0.042188
0 0.281250 0.495312 0.046875 0.050000
0 0.480469 0.986719 0.051562 0.023438
0 0.456250 0.929688 0.037500 0.046875
0 0.025781 0.730469 0.051562 0.067187
0 0.706250 0.531250 0.043750 0.071875
0 0.553125 0.324219 0.059375 0.057813
0 0.662500 0.273438 0.050000 0.056250
0 0.702344 0.689844 0.057813 0.048438
0 0.292969 0.109375 0.064062 0.037500
0 0.679688 0.330469 0.056250 0.067187
0 0.787500 0.174219 0.053125 0.060937
0 0.384375 0.364844 0.043750 0.045312
0 0.623437 0.760938 0.071875 0.071875
0 0.424219 0.956250 0.048438 0.046875
0 0.067969 0.493750 0.054688 0.050000
0 0.424219 0.429688 0.054688 0.043750
0 0.937500 0.449219 0.075000 0.073438
0 0.643750 0.028125 0.084375 0.056250
0 0.648438 0.499219 0.062500 0.057813
0 0.308594 0.431250 0.076563 0.096875
0 0.492188 0.774219 0.050000 0.064062
0 0.103125 0.800000 0.059375 0.050000
0 0.293750 0.230469 0.053125 0.054688
0 0.928125 0.571094 0.059375 0.073438
0 0.078125 0.937500 0.053125 0.050000
0 0.150000 0.223438 0.078125 0.093750
0 0.242969 0.880469 0.051562 0.054688
0 0.381250 0.800000 0.037500 0.037500
0 0.873437 0.261719 0.056250 0.060937
0 0.118750 0.659375 0.056250 0.053125
0 0.396875 0.614844 0.050000 0.054688
0 0.534375 0.461719 0.050000 0.057813
0 0.960938 0.246094 0.078125 0.067187
0 0.958594 0.142969 0.079687 0.095312
0 0.560937 0.773438 0.053125 0.059375
0 0.959375 0.065625 0.056250 0.062500
0 0.336719 0.943750 0.076563 0.084375
0 0.495312 0.414844 0.068750 0.057813
0 0.487500 0.242969 0.078125 0.070312
0 0.515625 0.875000 0.084375 0.081250
0 0.776563 0.515625 0.096875 0.109375
0 0.212500 0.433594 0.075000 0.079687
0 0.098437 0.421094 0.100000 0.092188
0 0.664844 0.139844 0.064062 0.067187
