0 0.761719 0.468750 0.023438 0.025000
0 0.175000 0.461719 0.043750 0.064062
0 0.836719 0.984375 0.076563 0.031250
0 0.064844 0.014063 0.042188 0.028125
0 0.051562 0.558594 0.028125 0.039062
0 0.305469 0.014063 0.054688 0.028125
0 0.317969 0.380469 0.048438 0.032813
0 0.949219 0.953125 0.035937 0.050000
0 0.949219 0.536719 0.064062 0.057813
0 0.161719 0.396094 0.073438 0.051562
0 0.009375 0.067187 0.018750 0.040625
0 0.780469 0.496094 0.032813 0.042188
0 0.456250 0.093750 0.059375 0.050000
0 0.255469 0.727344 0.042188 0.045312
0 0.064844 0.784375 0.067187 0.050000
0 0.401562 0.808594 0.046875 0.035937
0 0.381250 0.013281 0.053125 0.026562
0 0.090625 0.549219 0.053125 0.057813
0 0.536719 0.542188 0.039062 0.037500
0 0.984375 0.956250 0.031250 0.065625
0 0.090625 0.283594 0.053125 0.045312
0 0.474219 0.656250 0.042188 0.053125
0 0.568750 0.402344 0.078125 0.057813
0 0.917188 0.937500 0.043750 0.059375
0 0.026562 0.461719 0.053125 0.067187
0 0.110156 0.462500 0.082812 0.087500
0 0.028125 0.515625 0.053125 0.050000
0 0.487500 0.599219 0.037500 0.045312
0 0.028125 0.981250 0.040625 0.037500
0 0.412500 0.527344 0.037500 0.045312
0 0.527344 0.577344 0.039062 0.039062
0 0.833594 0.792969 0.051562 0.060937
0 0.059375 0.149219 0.050000 0.045312
0 0.367969 0.530469 0.051562 0.057813
0 0.214844 0.056250 0.092188 0.068750
0 0.604688 0.340625 0.096875 0.078125
0 0.655469 0.761719 0.048438 0.051562
0 0.168750 0.899219 0.043750 0.035937
0 0.502344 0.189844 0.057813 0.057813
0 0.212500 0.842969 0.065625 0.060937
0 0.768750 0.787500 0.068750 0.078125
0 0.309375 0.884375 0.062500 0.056250
0 0.142187 0.948438 0.059375 0.065625
0 0.481250 0.022656 0.056250 0.045312
0 0.961719 0.675000 0.070312 0.109375
0 0.708594 0.233594 0.054688 0.057813
0 0.624219 0.046094 0.067187 0.082812
0 0.302344 0.688281 0.048438 0.029687
