0 0.891406 0.033594 0.085938 0.067187
0 0.805469 0.614844 0.026562 0.026562
0 0.021875 0.956250 0.043750 0.056250
0 0.696094 0.892969 0.026562 0.026562
0 0.627344 0.640625 0.073438 0.059375
0 0.517969 0.324219 0.032813 0.029687
0 0.574219 0.683594 0.104688 0.104688
0 0.890625 0.974219 0.081250 0.048438
0 0.495312 0.398438 0.043750 0.046875
0 0.840625 0.817969 0.043750 0.035937
0 0.021875 0.679688 0.043750 0.106250
0 0.661719 0.523438 0.073438 0.059375
0 0.904687 0.324219 0.087500 0.060937
0 0.392188 0.276562 0.037500 0.037500
0 0.896875 0.708594 0.037500 0.048438
0 0.836719 0.370312 0.079687 0.062500
0 0.729688 0.518750 0.059375 0.050000
0 0.458594 0.921875 0.039062 0.046875
0 0.662500 0.589063 0.059375 0.050000
0 0.205469 0.857812 0.067187 0.056250
0 0.199219 0.086719 0.067187 0.060937
0 0.387500 0.752344 0.059375 0.064062
0 0.239844 0.499219 0.067187 0.070312
0 0.643750 0.333594 0.087500 0.085938
0 0.268750 0.921875 0.078125 0.087500
0 0.290625 0.830469 0.056250 0.054688
0 0.761719 0.434375 0.092188 0.090625
