0 0.958594 0.049219 0.076563 0.064062
0 0.518750 0.474219 0.037500 0.032813
0 0.979688 0.631250 0.037500 0.046875
0 0.417187 0.057813 0.071875 0.056250
0 0.593750 0.775000 0.046875 0.065625
0 0.392969 0.114062 0.092188 0.068750
0 0.590625 0.905469 0.065625 0.035937
0 0.615625 0.975000 0.078125 0.046875
0 0.952344 0.743750 0.095312 0.065625
0 0.475000 0.521094 0.075000 0.064062
0 0.521875 0.778125 0.096875 0.084375
0 0.509375 0.184375 0.109375 0.075000
0 0.968750 0.202344 0.059375 0.073438
0 0.780469 0.765625 0.060937 0.059375
0 0.843750 0.414844 0.084375 0.064062
0 0.708594 0.692969 0.095312 0.089063
