0 0.812500 0.239844 0.125000 0.082812
0 0.299219 0.818750 0.051562 0.046875
0 0.614844 0.010937 0.076563 0.021875
0 0.325000 0.386719 0.065625 0.073438
0 0.290625 0.901563 0.031250 0.028125
0 0.739844 0.942969 0.035937 0.039062
0 0.142969 0.455469 0.042188 0.035937
0 0.809375 0.128125 0.056250 0.043750
0 0.082031 0.627344 0.079687 0.051562
0 0.767969 0.046875 0.098437 0.081250
0 0.022656 0.703125 0.045312 0.103125
0 0.764844 0.768750 0.051562 0.062500
0 0.443750 0.590625 0.087500 0.065625
0 0.968750 0.100000 0.062500 0.078125
0 0.214844 0.768750 0.104688 0.118750
0 0.021094 0.958594 0.042188 0.079687
0 0.392969 0.439844 0.064062 0.057813
