0 0.980469 0.253125 0.035937 0.062500
0 0.393750 0.989844 0.037500 0.017188
0 0.233594 0.517969 0.051562 0.032813
0 0.107813 0.152344 0.065625 0.048438
0 0.733594 0.850781 0.057813 0.054688
0 0.386719 0.964063 0.039062 0.040625
0 0.082031 0.392188 0.023438 0.025000
0 0.302344 0.867969 0.064062 0.051562
0 0.511719 0.593750 0.064062 0.062500
0 0.560937 0.899219 0.053125 0.070312
0 0.958594 0.718750 0.048438 0.053125
0 0.525000 0.522656 0.131250 0.085938
0 0.249219 0.587500 0.045312 0.040625
0 0.951562 0.421094 0.040625 0.045312
0 0.111719 0.542969 0.045312 0.042188
0 0.350000 0.111719 0.062500 0.039062
0 0.167969 0.367969 0.051562 0.051562
0 0.304688 0.929688 0.078125 0.078125
0 0.189062 0.143750 0.068750 0.043750
0 0.787500 0.805469 0.075000 0.092188
0 0.177344 0.577344 0.076563 0.079687
0 0.283594 0.208594 0.051562 0.057813
0 0.293750 0.701562 0.034375 0.043750
0 0.812500 0.287500 0.068750 0.065625
0 0.870313 0.315625 0.053125 0.062500
0 0.109375 0.617969 0.096875 0.092188
0 0.624219 0.434375 0.057813 0.096875
