0 0.611719 0.493750 0.057813 0.046875
0 0.405469 0.637500 0.079687 0.065625
0 0.810937 0.452344 0.059375 0.054688
0 0.760938 0.892969 0.050000 0.042188
0 0.967187 0.930469 0.065625 0.064062
0 0.952344 0.068750 0.045312 0.040625
0 0.714844 0.568750 0.073438 0.059375
0 0.015625 0.370312 0.031250 0.065625
0 0.508594 0.967187 0.104688 0.059375
0 0.432812 0.581250 0.112500 0.068750
0 0.852344 0.018750 0.048438 0.037500
0 0.939844 0.749219 0.073438 0.057813
0 0.414844 0.839063 0.051562 0.043750
0 0.812500 0.774219 0.075000 0.067187
0 0.175000 0.635938 0.100000 0.109375
0 0.968750 0.671094 0.059375 0.089063
0 0.550000 0.567969 0.075000 0.048438
0 0.756250 0.339062 0.118750 0.100000
0 0.646875 0.617969 0.087500 0.079687
0 0.328125 0.750000 0.065625 0.062500
