0 0.783594 0.511719 0.035937 0.029687
0 0.139844 0.014063 0.057813 0.028125
0 0.041406 0.402344 0.042188 0.035937
0 0.268750 0.933594 0.040625 0.035937
0 0.352344 0.537500 0.057813 0.050000
0 0.568750 0.018750 0.106250 0.037500
0 0.543750 0.065625 0.053125 0.046875
0 0.021094 0.109375 0.042188 0.062500
0 0.134375 0.665625 0.150000 0.109375
0 0.092188 0.177344 0.065625 0.039062
0 0.392188 0.513281 0.081250 0.057813
0 0.325000 0.862500 0.062500 0.050000
0 0.206250 0.157812 0.090625 0.062500
0 0.429688 0.121094 0.081250 0.070312
0 0.225000 0.396094 0.068750 0.054688
0 0.058594 0.202344 0.064062 0.042188
0 0.155469 0.533594 0.060937 0.067187
0 0.060937 0.350000 0.071875 0.053125
0 0.536719 0.477344 0.064062 0.054688
0 0.653125 0.280469 0.093750 0.104688
0 0.145313 0.430469 0.087500 0.064062
