0 0.362500 0.477344 0.068750 0.070312
0 0.305469 0.064844 0.073438 0.042188
0 0.057031 0.571875 0.079687 0.068750
0 0.150000 0.453125 0.059375 0.059375
0 0.487500 0.790625 0.068750 0.056250
0 0.331250 0.018750 0.046875 0.037500
0 0.500000 0.511719 0.059375 0.076563
0 0.540625 0.414844 0.068750 0.048438
0 0.380469 0.329688 0.101562 0.081250
0 0.975000 0.477344 0.050000 0.070312
0 0.276562 0.749219 0.081250 0.064062
0 0.821094 0.518750 0.067187 0.059375
0 0.474219 0.283594 0.054688 0.045312
0 0.155469 0.774219 0.082812 0.067187
0 0.499219 0.218750 0.104688 0.071875
0 0.758594 0.355469 0.067187 0.057813
0 0.192969 0.021094 0.051562 0.042188
0 0.442969 0.486719 0.067187 0.064062
0 0.971094 0.137500 0.054688 0.090625
0 0.899219 0.425000 0.085938 0.084375
0 0.558594 0.478125 0.064062 0.046875
0 0.100000 0.336719 0.115625 0.095312
0 0.896094 0.511719 0.073438 0.064062
0 0.627344 0.489844 0.054688 0.048438
0 0.731250 0.653906 0.053125 0.048438
0 0.511719 0.960938 0.070312 0.046875
0 0.608594 0.158594 0.064062 0.045312
0 0.345313 0.671094 0.125000 0.085938
0 0.774219 0.434375 0.117188 0.112500
