0 0.042969 0.640625 0.073438 0.068750
0 0.964844 0.264844 0.048438 0.035937
0 0.903125 0.936719 0.062500 0.048438
0 0.315625 0.774219 0.093750 0.067187
0 0.063281 0.067969 0.076563 0.073438
0 0.881250 0.430469 0.040625 0.039062
0 0.278125 0.157812 0.068750 0.050000
0 0.634375 0.424219 0.084375 0.057813
0 0.833594 0.646875 0.054688 0.078125
0 0.828125 0.192969 0.084375 0.060937
0 0.380469 0.710938 0.101562 0.071875
0 0.343750 0.392188 0.078125 0.056250
0 0.242969 0.097656 0.123438 0.104688
0 0.585938 0.652344 0.068750 0.042188
0 0.021094 0.412500 0.042188 0.043750
0 0.092188 0.824219 0.109375 0.089063
0 0.102344 0.427344 0.070312 0.060937
0 0.228125 0.590625 0.115625 0.084375
0 0.510938 0.828125 0.078125 0.071875
