0 0.161719 0.592969 0.085938 0.064062
0 0.015625 0.065625 0.031250 0.081250
0 0.909375 0.477344 0.059375 0.051562
0 0.192188 0.850000 0.062500 0.043750
0 0.012500 0.153125 0.025000 0.040625
0 0.091406 0.414844 0.042188 0.032813
0 0.386719 0.899219 0.117188 0.076563
0 0.328906 0.515625 0.114062 0.093750
0 0.953125 0.153125 0.093750 0.112500
0 0.089063 0.267188 0.087500 0.059375
0 0.053906 0.136719 0.057813 0.064062
0 0.412500 0.489844 0.062500 0.060937
0 0.165625 0.920312 0.062500 0.046875
0 0.184375 0.210938 0.081250 0.059375
0 0.030469 0.508594 0.060937 0.067187
0 0.593750 0.834375 0.062500 0.043750
