0 0.661719 0.511719 0.089063 0.057813
0 0.896094 0.012500 0.051562 0.025000
0 0.329688 0.157812 0.053125 0.046875
0 0.432812 0.921875 0.150000 0.100000
0 0.064844 0.057031 0.070312 0.054688
0 0.854688 0.683594 0.068750 0.060937
0 0.745313 0.314063 0.068750 0.062500
0 0.867188 0.576562 0.078125 0.078125
0 0.396094 0.080469 0.085938 0.076563
0 0.337500 0.812500 0.059375 0.053125
0 0.467969 0.614844 0.085938 0.073438
0 0.126562 0.833594 0.103125 0.082812
0 0.452344 0.278125 0.095312 0.059375
0 0.180469 0.174219 0.057813 0.045312
0 0.365625 0.293750 0.075000 0.059375
0 0.917188 0.125000 0.065625 0.084375
0 0.592969 0.103125 0.095312 0.075000
0 0.958594 0.625000 0.064062 0.068750
0 0.412500 0.475000 0.118750 0.121875
0 0.158594 0.017188 0.079687 0.034375
0 0.771875 0.446094 0.068750 0.051562
0 0.878125 0.749219 0.071875 0.054688
0 0.950000 0.767969 0.065625 0.064062
0 0.440625 0.715625 0.100000 0.090625
0 0.896094 0.951562 0.098437 0.093750
0 0.496094 0.134375 0.060937 0.062500
0 0.358594 0.609375 0.085938 0.056250
0 0.828125 0.850000 0.109375 0.081250
0 0.746094 0.739844 0.067187 0.054688
0 0.811719 0.199219 0.089063 0.073438
0 0.095312 0.318750 0.159375 0.118750
0 0.896094 0.509375 0.085938 0.056250
0 0.817187 0.096094 0.071875 0.057813
0 0.136719 0.717969 0.098437 0.070312
0 0.292969 0.654687 0.089063 0.093750
0 0.271094 0.212500 0.098437 0.068750
0 0.217969 0.968750 0.114062 0.062500
0 0.057813 0.160938 0.109375 0.115625
0 0.530469 0.849219 0.123438 0.092188
0 0.855469 0.339062 0.135937 0.125000
0 0.736719 0.114844 0.092188 0.095312
