0 0.034375 0.889844 0.059375 0.051562
0 0.158594 0.515625 0.051562 0.037500
0 0.678125 0.296875 0.106250 0.075000
0 0.221875 0.552344 0.046875 0.045312
0 0.525000 0.752344 0.093750 0.079687
0 0.880469 0.628125 0.060937 0.043750
0 0.271875 0.243750 0.071875 0.056250
0 0.942187 0.189844 0.115625 0.064062
0 0.967969 0.311719 0.064062 0.076563
0 0.479687 0.079687 0.068750 0.056250
0 0.746094 0.975000 0.082812 0.050000
0 0.228125 0.017188 0.103125 0.034375
0 0.458594 0.930469 0.110937 0.045312
0 0.596875 0.677344 0.128125 0.067187
0 0.805469 0.784375 0.048438 0.040625
0 0.041406 0.137500 0.082812 0.065625
0 0.510938 0.439063 0.046875 0.043750
0 0.430469 0.021094 0.048438 0.039062
0 0.859375 0.389844 0.100000 0.067187
0 0.148438 0.065625 0.093750 0.068750
0 0.327344 0.583594 0.089063 0.070312
0 0.665625 0.496875 0.128125 0.078125
0 0.731250 0.593750 0.131250 0.075000
0 0.020313 0.337500 0.040625 0.075000
0 0.111719 0.628125 0.089063 0.046875
0 0.427344 0.487500 0.123438 0.078125
0 0.593750 0.399219 0.121875 0.095312
0 0.118750 0.567969 0.093750 0.060937
0 0.315625 0.398438 0.068750 0.059375
0 0.746094 0.875000 0.104688 0.065625
0 0.309375 0.126562 0.106250 0.078125
0 0.296875 0.458594 0.096875 0.057813
0 0.207813 0.658594 0.078125 0.057813
0 0.440625 0.240625 0.103125 0.071875
0 0.964844 0.057813 0.070312 0.078125
0 0.943750 0.558594 0.096875 0.076563
0 0.571094 0.202344 0.120313 0.101562
