0 0.521094 0.821094 0.054688 0.039062
0 0.971094 0.990625 0.057813 0.018750
0 0.768750 0.350000 0.075000 0.056250
0 0.253906 0.660937 0.092188 0.078125
0 0.014063 0.508594 0.028125 0.057813
0 0.699219 0.394531 0.064062 0.067187
0 0.909375 0.874219 0.106250 0.064062
0 0.118750 0.802344 0.059375 0.064062
0 0.298438 0.183594 0.059375 0.064062
0 0.471875 0.733594 0.081250 0.082812
0 0.589844 0.893750 0.057813 0.046875
0 0.105469 0.893750 0.060937 0.050000
0 0.831250 0.333594 0.040625 0.039062
0 0.153125 0.352344 0.068750 0.082812
0 0.396094 0.796094 0.042188 0.042188
0 0.603125 0.167969 0.062500 0.048438
0 0.987500 0.230469 0.025000 0.082812
0 0.454688 0.176563 0.081250 0.075000
0 0.849219 0.446094 0.079687 0.067187
0 0.962500 0.771875 0.075000 0.065625
0 0.671875 0.896094 0.068750 0.051562
0 0.431250 0.089063 0.056250 0.056250
0 0.900000 0.696094 0.071875 0.067187
0 0.081250 0.326562 0.081250 0.071875
0 0.114844 0.530469 0.095312 0.070312
0 0.452344 0.028125 0.079687 0.056250
0 0.562500 0.230469 0.081250 0.098437
0 0.903125 0.382031 0.093750 0.079687
0 0.530469 0.712500 0.042188 0.037500
0 0.364844 0.573438 0.070312 0.068750
0 0.625000 0.492969 0.109375 0.098437
0 0.331250 0.810937 0.081250 0.062500
0 0.796094 0.689844 0.082812 0.073438
0 0.443750 0.534375 0.087500 0.084375
0 0.678125 0.135156 0.081250 0.064062
