0 0.823438 0.155469 0.046875 0.035937
0 0.258594 0.534375 0.073438 0.075000
0 0.365625 0.358594 0.050000 0.039062
0 0.843750 0.964844 0.043750 0.035937
0 0.811719 0.803125 0.067187 0.046875
0 0.307812 0.858594 0.053125 0.042188
0 0.448437 0.892969 0.065625 0.051562
0 0.778125 0.200000 0.084375 0.071875
0 0.481250 0.715625 0.040625 0.031250
0 0.063281 0.524219 0.079687 0.076563
0 0.290625 0.671875 0.125000 0.100000
0 0.928125 0.981250 0.056250 0.037500
0 0.292969 0.030469 0.067187 0.042188
0 0.356250 0.565625 0.050000 0.037500
0 0.932813 0.725000 0.062500 0.056250
0 0.865625 0.721875 0.062500 0.043750
0 0.218750 0.768750 0.059375 0.040625
0 0.200000 0.889062 0.078125 0.087500
0 0.736719 0.840625 0.054688 0.043750
0 0.035937 0.071875 0.071875 0.090625
0 0.971094 0.030469 0.054688 0.054688
0 0.554688 0.917969 0.059375 0.048438
0 0.292969 0.906250 0.067187 0.053125
0 0.259375 0.409375 0.115625 0.096875
