0 0.214844 0.578125 0.048438 0.037500
0 0.609375 0.934375 0.037500 0.028125
0 0.796875 0.558594 0.062500 0.064062
0 0.425000 0.968750 0.050000 0.043750
0 0.633594 0.203125 0.060937 0.062500
0 0.053906 0.967969 0.060937 0.051562
0 0.155469 0.967969 0.070312 0.057813
0 0.205469 0.510938 0.048438 0.056250
0 0.177344 0.823438 0.039062 0.028125
0 0.839844 0.777344 0.060937 0.045312
0 0.746094 0.489844 0.039062 0.029687
0 0.909375 0.937500 0.037500 0.031250
0 0.131250 0.158594 0.053125 0.045312
0 0.164844 0.782031 0.085938 0.048438
0 0.903125 0.748437 0.050000 0.037500
0 0.412500 0.886719 0.037500 0.035937
0 0.479687 0.311719 0.071875 0.035937
0 0.982812 0.835938 0.034375 0.059375
0 0.271094 0.843750 0.139063 0.103125
0 0.659375 0.636719 0.034375 0.026562
0 0.853125 0.478125 0.037500 0.034375
0 0.089063 0.539844 0.062500 0.045312
0 0.421875 0.443750 0.043750 0.037500
0 0.618750 0.321094 0.046875 0.035937
0 0.117188 0.070312 0.075000 0.103125
0 0.784375 0.111719 0.043750 0.039062
0 0.281250 0.752344 0.075000 0.064062
0 0.679688 0.554688 0.075000 0.043750
0 0.029687 0.890625 0.059375 0.081250
0 0.065625 0.604688 0.100000 0.081250
0 0.468750 0.542969 0.053125 0.048438
0 0.142969 0.505469 0.051562 0.039062
0 0.939844 0.015625 0.089063 0.031250
0 0.753125 0.902344 0.059375 0.039062
0 0.209375 0.102344 0.056250 0.042188
0 0.374219 0.035156 0.042188 0.032813
0 0.858594 0.652344 0.054688 0.045312
0 0.131250 0.703125 0.096875 0.062500
0 0.280469 0.553125 0.076563 0.059375
0 0.371875 0.958594 0.062500 0.054688
0 0.753125 0.858594 0.050000 0.035937
0 0.771094 0.234375 0.054688 0.050000
0 0.412500 0.400000 0.068750 0.050000
0 0.237500 0.045312 0.087500 0.065625
0 0.515625 0.867969 0.053125 0.048438
0 0.293750 0.118750 0.068750 0.056250
0 0.281250 0.667188 0.071875 0.081250
0 0.665625 0.268750 0.056250 0.050000
0 0.940625 0.134375 0.053125 0.040625
0 0.049219 0.458594 0.070312 0.067187
0 0.212500 0.412500 0.059375 0.043750
0 0.577344 0.682813 0.051562 0.046875
0 0.489844 0.454688 0.051562 0.043750
0 0.487500 0.078125 0.056250 0.050000
0 0.830469 0.179688 0.057813 0.050000
0 0.658594 0.877344 0.070312 0.067187
