0 0.489844 0.989844 0.048438 0.017188
0 0.962500 0.381250 0.034375 0.028125
0 0.867969 0.760938 0.054688 0.056250
0 0.242969 0.656250 0.045312 0.043750
0 0.117969 0.074219 0.057813 0.039062
0 0.100000 0.687500 0.056250 0.046875
0 0.933594 0.799219 0.042188 0.029687
0 0.031250 0.358594 0.037500 0.039062
0 0.474219 0.746094 0.042188 0.035937
0 0.660937 0.752344 0.053125 0.042188
0 0.992188 0.710938 0.015625 0.043750
0 0.012500 0.396094 0.025000 0.045312
0 0.156250 0.990625 0.059375 0.018750
0 0.105469 0.427344 0.051562 0.042188
0 0.546875 0.175000 0.075000 0.081250
0 0.011719 0.315625 0.023438 0.065625
0 0.090625 0.142969 0.093750 0.054688
0 0.448437 0.464844 0.037500 0.035937
0 0.495312 0.236719 0.081250 0.060937
0 0.493750 0.560937 0.059375 0.040625
0 0.078125 0.956250 0.059375 0.059375
0 0.028125 0.045312 0.056250 0.037500
0 0.028125 0.956250 0.053125 0.056250
0 0.812500 0.252344 0.050000 0.035937
0 0.027344 0.089844 0.054688 0.045312
0 0.550000 0.974219 0.059375 0.048438
0 0.281250 0.477344 0.043750 0.039062
0 0.289844 0.750000 0.048438 0.053125
0 0.703125 0.346094 0.062500 0.057813
0 0.234375 0.711719 0.071875 0.051562
0 0.242969 0.236719 0.064062 0.076563
0 0.073438 0.627344 0.093750 0.085938
0 0.584375 0.714844 0.062500 0.057813
0 0.643750 0.799219 0.046875 0.057813
0 0.576562 0.839063 0.071875 0.053125
0 0.283594 0.424219 0.064062 0.054688
0 0.456250 0.158594 0.059375 0.057813
0 0.114844 0.734375 0.057813 0.053125
0 0.282813 0.539844 0.043750 0.035937
0 0.356250 0.736719 0.071875 0.070312
0 0.917188 0.111719 0.075000 0.051562
0 0.035937 0.462500 0.071875 0.065625
0 0.035937 0.823438 0.056250 0.059375
0 0.221094 0.906250 0.051562 0.046875
0 0.214844 0.440625 0.073438 0.071875
0 0.940625 0.736719 0.078125 0.082812
0 0.364844 0.171875 0.101562 0.121875
0 0.628125 0.107813 0.081250 0.075000
0 0.359375 0.289844 0.081250 0.079687
0 0.167187 0.695312 0.046875 0.046875
