0 0.017188 0.340625 0.034375 0.040625
0 0.989844 0.218750 0.020313 0.078125
0 0.167969 0.321875 0.057813 0.040625
0 0.018750 0.458594 0.037500 0.035937
0 0.549219 0.012500 0.064062 0.028125
0 0.499219 0.746875 0.048438 0.053125
0 0.117188 0.252344 0.059375 0.064062
0 0.403125 0.784375 0.046875 0.037500
0 0.983594 0.918750 0.029687 0.046875
0 0.599219 0.987500 0.057813 0.025000
0 0.147656 0.967969 0.042188 0.035937
0 0.217969 0.280469 0.045312 0.048438
0 0.980469 0.828125 0.039062 0.056250
0 0.571094 0.515625 0.039062 0.037500
0 0.323437 0.984375 0.056250 0.031250
0 0.696094 0.777344 0.051562 0.054688
0 0.411719 0.306250 0.057813 0.043750
0 0.186719 0.736719 0.117188 0.092188
0 0.533594 0.239844 0.057813 0.048438
0 0.721875 0.671094 0.043750 0.051562
0 0.239844 0.521094 0.057813 0.051562
0 0.096094 0.918750 0.079687 0.103125
0 0.475000 0.017969 0.050000 0.035937
0 0.356250 0.440625 0.075000 0.087500
0 0.764062 0.946875 0.065625 0.071875
0 0.293750 0.871094 0.065625 0.064062
0 0.830469 0.758594 0.045312 0.035937
0 0.203125 0.169531 0.087500 0.064062
0 0.249219 0.596094 0.067187 0.076563
0 0.980469 0.661719 0.035937 0.060937
0 0.089844 0.539844 0.089063 0.070312
0 0.474219 0.808594 0.070312 0.054688
0 0.853125 0.692969 0.040625 0.032813
0 0.858594 0.192188 0.079687 0.053125
0 0.331250 0.933594 0.106250 0.067187
0 0.546094 0.861719 0.039062 0.039062
0 0.589844 0.068750 0.048438 0.043750
0 0.914844 0.325000 0.076563 0.078125
0 0.264062 0.222656 0.075000 0.067187
0 0.611719 0.779687 0.085938 0.056250
0 0.139844 0.035156 0.067187 0.067187
0 0.350000 0.639062 0.059375 0.056250
0 0.421094 0.639062 0.060937 0.059375
0 0.433594 0.436719 0.048438 0.054688
0 0.728125 0.546094 0.071875 0.060937
0 0.171094 0.464844 0.057813 0.042188
0 0.580469 0.592187 0.051562 0.056250
0 0.765625 0.737500 0.062500 0.056250
0 0.242969 0.102344 0.054688 0.054688
0 0.561719 0.924219 0.048438 0.064062
0 0.662500 0.624219 0.068750 0.060937
0 0.339062 0.733594 0.065625 0.054688
0 0.609375 0.414844 0.062500 0.060937
0 0.755469 0.424219 0.082812 0.079687
0 0.796094 0.276562 0.089063 0.103125
0 0.090625 0.167969 0.087500 0.085938
0 0.380469 0.196094 0.070312 0.076563
0 0.826562 0.124219 0.075000 0.085938
0 0.389844 0.062500 0.048438 0.078125
0 0.511719 0.134375 0.070312 0.059375
0 0.656250 0.943750 0.065625 0.059375
0 0.674219 0.283594 0.082812 0.079687
