0 0.866406 0.700000 0.048438 0.065625
0 0.318750 0.042188 0.059375 0.043750
0 0.321094 0.984375 0.051562 0.028125
0 0.149219 0.199219 0.042188 0.039062
0 0.983594 0.158594 0.029687 0.051562
0 0.396094 0.854688 0.029687 0.031250
0 0.824219 0.007812 0.048438 0.015625
0 0.189844 0.009375 0.089063 0.018750
0 0.211719 0.805469 0.048438 0.042188
0 0.296875 0.680469 0.065625 0.060937
0 0.698438 0.387500 0.059375 0.059375
0 0.981250 0.066406 0.037500 0.064062
0 0.461719 0.314063 0.035937 0.034375
0 0.692969 0.018750 0.054688 0.037500
0 0.439844 0.633594 0.076563 0.073438
0 0.906250 0.417187 0.053125 0.056250
0 0.405469 0.020313 0.054688 0.037500
0 0.977344 0.830469 0.045312 0.104688
0 0.411719 0.746875 0.085938 0.093750
0 0.095312 0.164844 0.078125 0.101562
0 0.456250 0.546094 0.059375 0.054688
0 0.542969 0.100000 0.039062 0.040625
0 0.837500 0.425000 0.053125 0.059375
0 0.760938 0.184375 0.068750 0.081250
0 0.196875 0.468750 0.118750 0.137500
0 0.449219 0.819531 0.054688 0.054688
0 0.609375 0.025000 0.078125 0.046875
0 0.596875 0.364844 0.046875 0.045312
0 0.471094 0.046094 0.070312 0.060937
0 0.955469 0.474219 0.079687 0.079687
0 0.331250 0.173437 0.109375 0.068750
0 0.284375 0.746094 0.065625 0.060937
0 0.805469 0.724219 0.067187 0.089063
0 0.292969 0.109375 0.064062 0.065625
0 0.667969 0.517969 0.107813 0.085938
0 0.605469 0.821094 0.048438 0.042188
0 0.305469 0.261719 0.079687 0.092188
0 0.612500 0.260937 0.068750 0.081250
0 0.346875 0.603125 0.084375 0.090625
0 0.505469 0.933594 0.082812 0.085938
0 0.824219 0.609375 0.095312 0.112500
0 0.561719 0.162500 0.051562 0.068750
0 0.278125 0.901563 0.100000 0.106250
0 0.655469 0.180469 0.064062 0.057813
