0 0.543750 0.627344 0.059375 0.070312
0 0.085938 0.277344 0.065625 0.051562
0 0.868750 0.249219 0.034375 0.054688
0 0.858594 0.013281 0.089063 0.026562
0 0.937500 0.368750 0.037500 0.053125
0 0.623437 0.631250 0.071875 0.059375
0 0.635938 0.543750 0.053125 0.068750
0 0.184375 0.915625 0.040625 0.065625
0 0.515625 0.564844 0.078125 0.060937
0 0.871094 0.082031 0.048438 0.032813
0 0.787500 0.756250 0.100000 0.087500
0 0.760938 0.389844 0.075000 0.076563
0 0.688281 0.555469 0.039062 0.039062
0 0.653125 0.193750 0.065625 0.050000
0 0.526563 0.911719 0.068750 0.042188
0 0.367969 0.842969 0.032813 0.042188
0 0.021094 0.780469 0.042188 0.051562
0 0.025000 0.230469 0.050000 0.067187
0 0.752344 0.264844 0.067187 0.067187
0 0.818750 0.974219 0.053125 0.051562
0 0.804688 0.596094 0.050000 0.051562
0 0.875000 0.733594 0.046875 0.045312
0 0.381250 0.924219 0.050000 0.042188
0 0.983594 0.030469 0.029687 0.057813
0 0.574219 0.358594 0.073438 0.057813
0 0.955469 0.850000 0.073438 0.075000
0 0.665625 0.305469 0.046875 0.057813
0 0.934375 0.649219 0.096875 0.107813
0 0.560937 0.487500 0.062500 0.084375
0 0.960938 0.983594 0.065625 0.029687
0 0.256250 0.925000 0.056250 0.062500
0 0.921094 0.927344 0.082812 0.073438
0 0.670312 0.396094 0.068750 0.070312
0 0.742188 0.489063 0.093750 0.106250
0 0.618750 0.461719 0.053125 0.054688
0 0.211719 0.696094 0.070312 0.064062
0 0.367188 0.617969 0.065625 0.073438
0 0.061719 0.342187 0.054688 0.062500
