0 0.037500 0.562500 0.050000 0.040625
0 0.530469 0.040625 0.048438 0.040625
0 0.884375 0.955469 0.053125 0.029687
0 0.014063 0.029687 0.028125 0.056250
0 0.748437 0.374219 0.056250 0.045312
0 0.603125 0.974219 0.050000 0.032813
0 0.518750 0.628125 0.050000 0.037500
0 0.414844 0.550000 0.070312 0.046875
0 0.098437 0.549219 0.037500 0.029687
0 0.186719 0.786719 0.051562 0.035937
0 0.358594 0.665625 0.045312 0.037500
0 0.983594 0.152344 0.029687 0.101562
0 0.304688 0.546875 0.037500 0.037500
0 0.617969 0.208594 0.039062 0.045312
0 0.646094 0.664844 0.045312 0.032813
0 0.038281 0.729688 0.051562 0.037500
0 0.964063 0.025000 0.071875 0.050000
0 0.253125 0.636719 0.078125 0.051562
0 0.561719 0.758594 0.051562 0.035937
0 0.200000 0.736719 0.056250 0.035937
