0 0.982812 0.502344 0.034375 0.042188
0 0.721094 0.559375 0.029687 0.025000
0 0.007031 0.827344 0.014063 0.032813
0 0.518750 0.596875 0.050000 0.050000
0 0.771094 0.771094 0.039062 0.026562
0 0.492969 0.927344 0.048438 0.045312
0 0.778125 0.933594 0.034375 0.032813
0 0.280469 0.078906 0.048438 0.045312
0 0.189844 0.530469 0.054688 0.035937
0 0.784375 0.849219 0.028125 0.029687
0 0.767969 0.128125 0.042188 0.037500
0 0.621094 0.446875 0.032813 0.021875
0 0.242188 0.536719 0.043750 0.032813
0 0.350000 0.643750 0.043750 0.037500
0 0.514844 0.100000 0.045312 0.034375
0 0.233594 0.815625 0.045312 0.037500
0 0.859375 0.439063 0.040625 0.037500
0 0.602344 0.577344 0.039062 0.029687
0 0.712500 0.649219 0.040625 0.042188
0 0.103125 0.567969 0.046875 0.035937
0 0.196094 0.652344 0.060937 0.060937
0 0.325000 0.405469 0.059375 0.048438
0 0.689844 0.526563 0.054688 0.043750
0 0.774219 0.667188 0.039062 0.034375
0 0.830469 0.140625 0.051562 0.046875
0 0.321094 0.309375 0.067187 0.043750
0 0.871875 0.237500 0.050000 0.040625
0 0.168750 0.271875 0.081250 0.046875
0 0.405469 0.835938 0.048438 0.040625
0 0.668750 0.464062 0.034375 0.053125
0 0.908594 0.067969 0.064062 0.054688
0 0.407813 0.693750 0.081250 0.065625
0 0.812500 0.192969 0.078125 0.045312
0 0.932813 0.554688 0.043750 0.034375
0 0.352344 0.358594 0.082812 0.045312
0 0.251563 0.211719 0.050000 0.057813
0 0.296094 0.946094 0.067187 0.045312
0 0.765625 0.060937 0.043750 0.040625
0 0.630469 0.481250 0.045312 0.034375
0 0.071875 0.486719 0.050000 0.054688
0 0.505469 0.761719 0.079687 0.051562
0 0.239063 0.492188 0.068750 0.056250
0 0.032813 0.670312 0.040625 0.037500
0 0.484375 0.843750 0.071875 0.053125
0 0.317969 0.183594 0.042188 0.039062
0 0.918750 0.781250 0.050000 0.037500
0 0.679688 0.971094 0.056250 0.035937
0 0.881250 0.385937 0.050000 0.034375
0 0.362500 0.071094 0.075000 0.057813
0 0.392969 0.243750 0.067187 0.065625
