0 0.429688 0.667969 0.034375 0.067187
0 0.976562 0.146875 0.040625 0.059375
0 0.983594 0.349219 0.032813 0.039062
0 0.561719 0.103125 0.039062 0.037500
0 0.987500 0.253125 0.025000 0.053125
0 0.733594 0.034375 0.039062 0.034375
0 0.124219 0.126562 0.042188 0.034375
0 0.978906 0.200781 0.035937 0.048438
0 0.031250 0.987500 0.050000 0.021875
0 0.628125 0.784375 0.040625 0.037500
0 0.547656 0.877344 0.070312 0.064062
0 0.701562 0.137500 0.062500 0.043750
0 0.655469 0.299219 0.042188 0.045312
0 0.984375 0.448437 0.028125 0.053125
0 0.989844 0.852344 0.020313 0.079687
0 0.193750 0.581250 0.050000 0.034375
0 0.067187 0.456250 0.037500 0.037500
0 0.562500 0.442969 0.056250 0.057813
0 0.732812 0.732812 0.075000 0.059375
0 0.328125 0.053125 0.121875 0.106250
0 0.987500 0.505469 0.021875 0.057813
0 0.026562 0.487500 0.043750 0.040625
0 0.199219 0.820312 0.067187 0.075000
0 0.275000 0.937500 0.128125 0.125000
0 0.118750 0.984375 0.046875 0.028125
0 0.648438 0.020313 0.046875 0.040625
0 0.942187 0.499219 0.056250 0.051562
0 0.471875 0.703125 0.059375 0.065625
0 0.133594 0.856250 0.054688 0.056250
0 0.702344 0.874219 0.085938 0.064062
0 0.366406 0.789062 0.107813 0.106250
0 0.924219 0.328125 0.067187 0.046875
0 0.299219 0.696875 0.101562 0.103125
0 0.651563 0.975781 0.053125 0.042188
0 0.017188 0.664844 0.034375 0.057813
0 0.874219 0.524219 0.073438 0.073438
0 0.393750 0.540625 0.050000 0.056250
0 0.254688 0.849219 0.050000 0.048438
0 0.271875 0.596875 0.056250 0.056250
0 0.160938 0.750000 0.103125 0.071875
0 0.556250 0.953125 0.134375 0.090625
0 0.137500 0.057813 0.065625 0.100000
0 0.442969 0.352344 0.070312 0.057813
0 0.093750 0.387500 0.071875 0.068750
0 0.971875 0.038281 0.053125 0.067187
0 0.814844 0.940625 0.117188 0.115625
0 0.936719 0.424219 0.064062 0.079687
0 0.800000 0.314844 0.053125 0.064062
0 0.211719 0.199219 0.048438 0.054688
0 0.152344 0.433594 0.051562 0.045312
0 0.750000 0.246875 0.071875 0.075000
0 0.578125 0.611719 0.065625 0.054688
0 0.653125 0.733594 0.075000 0.054688
0 0.425000 0.082031 0.078125 0.060937
0 0.833594 0.168750 0.067187 0.062500
0 0.259375 0.309375 0.131250 0.125000
0 0.111719 0.630469 0.073438 0.070312
0 0.067187 0.765625 0.053125 0.053125
0 0.714844 0.640625 0.117188 0.125000
0 0.609375 0.675781 0.068750 0.057813
0 0.448437 0.808594 0.034375 0.032813
