0 0.984375 0.767969 0.031250 0.079687
0 0.796094 0.821875 0.067187 0.056250
0 0.442188 0.823438 0.062500 0.071875
0 0.514844 0.010937 0.067187 0.021875
0 0.046094 0.953125 0.054688 0.075000
0 0.909375 0.377344 0.040625 0.045312
0 0.661719 0.364844 0.054688 0.051562
0 0.126562 0.014844 0.065625 0.026562
0 0.025000 0.448437 0.053125 0.065625
0 0.715625 0.764844 0.062500 0.070312
0 0.930469 0.456250 0.042188 0.037500
0 0.271875 0.365625 0.056250 0.050000
0 0.477344 0.557813 0.057813 0.071875
0 0.046094 0.374219 0.048438 0.032813
0 0.584375 0.465625 0.071875 0.059375
0 0.267188 0.014063 0.056250 0.031250
0 0.987500 0.083594 0.021875 0.085938
0 0.153125 0.330469 0.046875 0.076563
0 0.555469 0.125000 0.079687 0.062500
0 0.503906 0.973437 0.117188 0.053125
0 0.087500 0.517969 0.081250 0.098437
0 0.510938 0.653125 0.118750 0.146875
0 0.630469 0.021094 0.051562 0.039062
0 0.064062 0.015625 0.053125 0.031250
0 0.802344 0.977344 0.085938 0.042188
0 0.157031 0.542969 0.048438 0.095312
0 0.267969 0.184375 0.110937 0.143750
0 0.356250 0.048438 0.093750 0.087500
0 0.197656 0.042969 0.070312 0.085938
0 0.409375 0.713281 0.078125 0.104688
0 0.773438 0.439063 0.056250 0.056250
0 0.275000 0.696094 0.118750 0.135937
0 0.133594 0.091406 0.051562 0.057813
0 0.558594 0.232813 0.145313 0.137500
0 0.887500 0.643750 0.043750 0.062500
0 0.812500 0.574219 0.059375 0.089063
0 0.586719 0.675000 0.154688 0.159375
0 0.352344 0.156250 0.054688 0.056250
0 0.021094 0.824219 0.042188 0.107813
0 0.215625 0.417969 0.065625 0.060937
0 0.281250 0.562500 0.062500 0.056250
0 0.540625 0.895312 0.118750 0.103125
0 0.387500 0.576562 0.103125 0.118750
0 0.370312 0.948438 0.096875 0.100000
0 0.686719 0.486719 0.073438 0.092188
0 0.262500 0.078906 0.050000 0.048438
0 0.702344 0.109375 0.089063 0.062500
0 0.360938 0.789844 0.059375 0.064062
0 0.809375 0.309375 0.118750 0.090625
0 0.187500 0.258594 0.053125 0.057813
0 0.724219 0.584375 0.085938 0.109375
0 0.812500 0.181250 0.115625 0.121875
0 0.461719 0.478125 0.073438 0.071875
0 0.371094 0.464062 0.101562 0.090625
0 0.211719 0.946875 0.064062 0.075000
0 0.089844 0.777344 0.057813 0.045312
0 0.648438 0.296875 0.062500 0.059375
0 0.434375 0.370312 0.103125 0.115625
0 0.162500 0.842969 0.078125 0.057813
0 0.223438 0.540625 0.056250 0.050000
0 0.105469 0.256250 0.073438 0.081250
0 0.585938 0.784375 0.081250 0.093750
0 0.421875 0.796875 0.081250 0.062500
0 0.240625 0.860156 0.093750 0.098437
