0 0.893750 0.662500 0.031250 0.031250
0 0.958594 0.437500 0.051562 0.053125
0 0.481250 0.881250 0.034375 0.028125
0 0.258594 0.533594 0.045312 0.039062
0 0.014063 0.989844 0.028125 0.017188
0 0.215625 0.106250 0.034375 0.034375
0 0.680469 0.040625 0.032813 0.034375
0 0.979688 0.984375 0.037500 0.028125
0 0.084375 0.956250 0.046875 0.034375
0 0.324219 0.979688 0.039062 0.034375
0 0.728125 0.554688 0.065625 0.040625
0 0.886719 0.226562 0.054688 0.075000
0 0.158594 0.286719 0.042188 0.051562
0 0.292969 0.942969 0.048438 0.045312
0 0.094531 0.762500 0.079687 0.068750
0 0.026562 0.767969 0.043750 0.051562
0 0.218750 0.164844 0.059375 0.054688
0 0.914844 0.299219 0.067187 0.070312
0 0.818750 0.089844 0.056250 0.060937
0 0.152344 0.480469 0.064062 0.070312
0 0.559375 0.026562 0.081250 0.053125
0 0.606250 0.992969 0.046875 0.014063
0 0.017188 0.861719 0.034375 0.048438
0 0.792188 0.499219 0.050000 0.082812
0 0.811719 0.236719 0.092188 0.064062
0 0.042969 0.914844 0.054688 0.042188
0 0.367969 0.577344 0.045312 0.042188
0 0.586719 0.530469 0.051562 0.051562
0 0.773438 0.651563 0.078125 0.090625
0 0.692969 0.415625 0.054688 0.062500
0 0.408594 0.834375 0.039062 0.050000
0 0.564844 0.261719 0.048438 0.045312
0 0.486719 0.030469 0.042188 0.060937
0 0.155469 0.983594 0.070312 0.029687
0 0.370312 0.487500 0.046875 0.062500
0 0.376563 0.967969 0.056250 0.054688
0 0.602344 0.464844 0.039062 0.039062
0 0.023438 0.034375 0.046875 0.056250
0 0.499219 0.281250 0.042188 0.037500
0 0.211719 0.956250 0.054688 0.056250
0 0.105469 0.646094 0.073438 0.073438
0 0.577344 0.109375 0.060937 0.071875
0 0.685937 0.086719 0.084375 0.067187
0 0.311719 0.088281 0.067187 0.048438
0 0.210938 0.302344 0.068750 0.079687
0 0.393750 0.901563 0.065625 0.062500
0 0.304688 0.881250 0.068750 0.059375
0 0.308594 0.703125 0.064062 0.056250
0 0.062500 0.246875 0.053125 0.056250
0 0.667969 0.218750 0.051562 0.062500
0 0.117969 0.855469 0.076563 0.082812
0 0.717969 0.868750 0.057813 0.050000
0 0.573438 0.859375 0.071875 0.081250
0 0.371875 0.371875 0.075000 0.090625
0 0.655469 0.290625 0.070312 0.062500
0 0.218750 0.614844 0.050000 0.060937
