0 0.627344 0.462500 0.045312 0.050000
0 0.041406 0.071094 0.064062 0.051562
0 0.385937 0.971875 0.043750 0.050000
0 0.764062 0.184375 0.062500 0.068750
0 0.983594 0.950000 0.032813 0.078125
0 0.890625 0.100000 0.075000 0.056250
0 0.161719 0.983594 0.051562 0.032813
0 0.342969 0.021875 0.095312 0.043750
0 0.857812 0.967969 0.040625 0.039062
0 0.812500 0.935937 0.031250 0.031250
0 0.152344 0.264844 0.051562 0.042188
0 0.900000 0.429688 0.050000 0.059375
0 0.831250 0.355469 0.053125 0.045312
0 0.123438 0.305469 0.043750 0.045312
0 0.621875 0.717187 0.043750 0.037500
0 0.017188 0.026562 0.034375 0.046875
0 0.883594 0.339844 0.032813 0.032813
0 0.377344 0.171094 0.051562 0.064062
0 0.239844 0.340625 0.057813 0.062500
0 0.731250 0.706250 0.118750 0.093750
0 0.496875 0.708594 0.100000 0.095312
0 0.902344 0.984375 0.064062 0.031250
0 0.158594 0.026562 0.079687 0.053125
0 0.424219 0.130469 0.051562 0.054688
0 0.978125 0.353125 0.043750 0.078125
0 0.804688 0.280469 0.065625 0.073438
0 0.802344 0.509375 0.057813 0.056250
0 0.667969 0.148438 0.048438 0.056250
0 0.536719 0.864844 0.048438 0.057813
0 0.611719 0.158594 0.067187 0.095312
0 0.859375 0.755469 0.056250 0.051562
0 0.053906 0.158594 0.107813 0.120313
0 0.839063 0.561719 0.068750 0.057813
0 0.733594 0.432812 0.089063 0.081250
0 0.686719 0.914844 0.076563 0.067187
0 0.521094 0.117188 0.079687 0.081250
0 0.718750 0.514844 0.059375 0.064062
0 0.611719 0.031250 0.057813 0.059375
