0 0.533594 0.330469 0.035937 0.026562
0 0.871094 0.164844 0.039062 0.032813
0 0.296094 0.246094 0.032813 0.032813
0 0.508594 0.667969 0.085938 0.073438
0 0.764844 0.975000 0.064062 0.050000
0 0.764844 0.596875 0.051562 0.050000
0 0.121094 0.102344 0.029687 0.032813
0 0.786719 0.193750 0.054688 0.059375
0 0.560937 0.446094 0.075000 0.042188
0 0.768750 0.524219 0.046875 0.051562
0 0.898438 0.029687 0.081250 0.059375
0 0.577344 0.546875 0.070312 0.062500
0 0.752344 0.793750 0.085938 0.062500
0 0.060937 0.458594 0.050000 0.035937
0 0.750000 0.863281 0.071875 0.064062
0 0.049219 0.278125 0.048438 0.056250
0 0.955469 0.639844 0.060937 0.048438
0 0.925000 0.358594 0.071875 0.064062
0 0.912500 0.717969 0.062500 0.060937
0 0.711719 0.686719 0.101562 0.085938
0 0.885938 0.602344 0.050000 0.051562
0 0.653125 0.779687 0.096875 0.090625
0 0.964844 0.578125 0.070312 0.075000
0 0.736719 0.442969 0.079687 0.079687
0 0.952344 0.811719 0.092188 0.076563
