0 0.033594 0.986719 0.045312 0.023438
0 0.789844 0.674219 0.060937 0.051562
0 0.523438 0.920312 0.062500 0.040625
0 0.393750 0.925000 0.034375 0.034375
0 0.080469 0.911719 0.060937 0.051562
0 0.017188 0.917969 0.034375 0.042188
0 0.971875 0.837500 0.050000 0.050000
0 0.836719 0.974219 0.092188 0.051562
0 0.795312 0.167187 0.075000 0.062500
0 0.087500 0.562500 0.046875 0.040625
0 0.340625 0.527344 0.059375 0.070312
0 0.968750 0.965625 0.053125 0.040625
0 0.784375 0.749219 0.068750 0.067187
0 0.975000 0.783594 0.050000 0.057813
0 0.967969 0.618750 0.060937 0.106250
0 0.038281 0.543750 0.054688 0.034375
0 0.296875 0.836719 0.059375 0.054688
0 0.230469 0.759375 0.042188 0.046875
0 0.840625 0.603125 0.084375 0.103125
0 0.179688 0.959375 0.059375 0.053125
0 0.142187 0.583594 0.068750 0.048438
0 0.828125 0.253125 0.062500 0.068750
0 0.793750 0.400000 0.040625 0.046875
0 0.759375 0.111719 0.068750 0.057813
0 0.787500 0.040625 0.075000 0.065625
0 0.467969 0.884375 0.064062 0.059375
0 0.971875 0.708594 0.056250 0.073438
0 0.058594 0.729688 0.085938 0.065625
0 0.846094 0.831250 0.117188 0.109375
0 0.108594 0.659375 0.048438 0.046875
0 0.192969 0.321094 0.054688 0.045312
0 0.031250 0.592969 0.062500 0.054688
0 0.717969 0.205469 0.092188 0.095312
0 0.831250 0.432812 0.053125 0.053125
0 0.260937 0.208594 0.087500 0.082812
0 0.925000 0.510938 0.090625 0.103125
