0 0.986719 0.500000 0.020313 0.059375
0 0.011719 0.178125 0.020313 0.096875
0 0.927344 0.262500 0.042188 0.040625
0 0.246094 0.087500 0.045312 0.040625
0 0.315625 0.042188 0.034375 0.034375
0 0.405469 0.042969 0.060937 0.051562
0 0.137500 0.161719 0.037500 0.032813
0 0.011719 0.243750 0.023438 0.053125
0 0.030469 0.392188 0.060937 0.053125
0 0.309375 0.857812 0.046875 0.075000
0 0.240625 0.765625 0.096875 0.068750
0 0.009375 0.346875 0.018750 0.040625
0 0.805469 0.496875 0.057813 0.109375
0 0.131250 0.371094 0.056250 0.051562
0 0.255469 0.850000 0.054688 0.050000
0 0.380469 0.928125 0.042188 0.065625
0 0.800781 0.056250 0.145313 0.093750
0 0.964063 0.328125 0.053125 0.046875
0 0.515625 0.674219 0.065625 0.104688
0 0.042188 0.500000 0.084375 0.068750
0 0.889844 0.617188 0.060937 0.068750
0 0.868750 0.499219 0.071875 0.101562
0 0.979688 0.432812 0.040625 0.081250
0 0.743750 0.434375 0.093750 0.109375
0 0.431250 0.707812 0.090625 0.118750
0 0.057813 0.828125 0.109375 0.121875
0 0.770312 0.681250 0.143750 0.131250
0 0.790625 0.179688 0.065625 0.065625
0 0.903125 0.769531 0.081250 0.070312
