0 0.025000 0.418750 0.050000 0.053125
0 0.590625 0.812500 0.056250 0.037500
0 0.387500 0.321875 0.043750 0.040625
0 0.631250 0.342969 0.059375 0.051562
0 0.253125 0.607812 0.078125 0.065625
0 0.814844 0.859375 0.054688 0.059375
0 0.748437 0.880469 0.040625 0.039062
0 0.789844 0.546875 0.051562 0.059375
0 0.096094 0.333594 0.057813 0.054688
0 0.039062 0.159375 0.050000 0.046875
0 0.359375 0.878125 0.046875 0.037500
0 0.568750 0.118750 0.040625 0.040625
0 0.808594 0.655469 0.057813 0.057813
0 0.376563 0.980469 0.053125 0.035937
0 0.506250 0.440625 0.040625 0.046875
0 0.921094 0.249219 0.054688 0.054688
0 0.661719 0.050781 0.045312 0.042188
0 0.951562 0.045312 0.046875 0.053125
0 0.764062 0.386719 0.062500 0.064062
0 0.636719 0.600000 0.057813 0.078125
0 0.374219 0.051562 0.073438 0.078125
0 0.756250 0.190625 0.046875 0.053125
0 0.893750 0.480469 0.068750 0.057813
0 0.450000 0.108594 0.081250 0.073438
0 0.346094 0.550000 0.039062 0.037500
0 0.199219 0.259375 0.045312 0.053125
0 0.955469 0.509375 0.042188 0.043750
0 0.646094 0.443750 0.060937 0.050000
0 0.855469 0.134375 0.079687 0.087500
0 0.942969 0.430469 0.045312 0.067187
0 0.696094 0.821094 0.076563 0.064062
0 0.064844 0.721875 0.051562 0.056250
0 0.085938 0.796875 0.071875 0.068750
0 0.356250 0.693750 0.065625 0.050000
0 0.686719 0.746875 0.073438 0.062500
0 0.975000 0.718750 0.050000 0.065625
0 0.159375 0.402344 0.056250 0.057813
0 0.967969 0.296875 0.064062 0.065625
0 0.078906 0.479687 0.064062 0.059375
0 0.889844 0.768750 0.085938 0.075000
0 0.265625 0.443750 0.059375 0.068750
0 0.909375 0.358594 0.068750 0.085938
