0 0.986719 0.418750 0.026562 0.053125
0 0.171094 0.311719 0.060937 0.057813
0 0.475000 0.340625 0.037500 0.028125
0 0.808594 0.408594 0.045312 0.045312
0 0.192188 0.359375 0.075000 0.040625
0 0.399219 0.517188 0.057813 0.046875
0 0.989844 0.627344 0.017188 0.039062
0 0.023438 0.015625 0.046875 0.031250
0 0.771094 0.550000 0.042188 0.034375
0 0.314063 0.971875 0.062500 0.056250
0 0.080469 0.243750 0.051562 0.050000
0 0.604688 0.617969 0.081250 0.079687
0 0.827344 0.157812 0.042188 0.056250
0 0.717187 0.061719 0.043750 0.039062
0 0.071875 0.292187 0.062500 0.043750
0 0.164844 0.089844 0.054688 0.057813
0 0.939844 0.378125 0.042188 0.053125
0 0.989844 0.161719 0.020313 0.079687
0 0.367188 0.258594 0.062500 0.039062
0 0.578125 0.025000 0.043750 0.040625
0 0.859375 0.962500 0.037500 0.037500
0 0.439844 0.121875 0.048438 0.059375
0 0.152344 0.571094 0.051562 0.048438
0 0.855469 0.212500 0.057813 0.062500
0 0.407813 0.472656 0.056250 0.045312
0 0.674219 0.205469 0.054688 0.045312
0 0.849219 0.478125 0.089063 0.093750
0 0.842969 0.911719 0.039062 0.039062
0 0.714063 0.249219 0.056250 0.054688
0 0.450000 0.447656 0.050000 0.054688
0 0.631250 0.174219 0.034375 0.039062
0 0.020313 0.349219 0.040625 0.076563
0 0.054688 0.446094 0.043750 0.042188
0 0.661719 0.470313 0.067187 0.062500
0 0.817969 0.984375 0.045312 0.028125
0 0.527344 0.953125 0.079687 0.071875
0 0.462500 0.181250 0.056250 0.062500
0 0.721094 0.975000 0.051562 0.046875
0 0.380469 0.078906 0.048438 0.048438
0 0.717969 0.400000 0.067187 0.087500
0 0.874219 0.352344 0.054688 0.045312
0 0.239063 0.703906 0.075000 0.070312
0 0.459375 0.239844 0.046875 0.045312
0 0.887500 0.642969 0.056250 0.054688
0 0.408594 0.692187 0.092188 0.115625
0 0.336719 0.334375 0.048438 0.056250
0 0.668750 0.901563 0.046875 0.059375
0 0.293750 0.483594 0.096875 0.089063
0 0.617188 0.514844 0.056250 0.060937
0 0.971875 0.305469 0.053125 0.079687
0 0.758594 0.046875 0.045312 0.050000
0 0.764844 0.164844 0.057813 0.067187
0 0.512500 0.230469 0.046875 0.042188
0 0.665625 0.606250 0.059375 0.065625
0 0.793750 0.792969 0.084375 0.064062
0 0.792969 0.687500 0.067187 0.068750
0 0.721094 0.737500 0.076563 0.075000
0 0.636719 0.761719 0.082812 0.089063
0 0.315625 0.740625 0.078125 0.084375
