0 0.156250 0.989844 0.053125 0.017188
0 0.698438 0.442969 0.081250 0.057813
0 0.261719 0.514844 0.045312 0.039062
0 0.192188 0.921875 0.043750 0.037500
0 0.432031 0.786719 0.029687 0.035937
0 0.731250 0.603125 0.028125 0.031250
0 0.537500 0.192969 0.040625 0.035937
0 0.687500 0.729688 0.043750 0.043750
0 0.009375 0.817969 0.018750 0.048438
0 0.927344 0.680469 0.035937 0.032813
0 0.121875 0.075781 0.090625 0.064062
0 0.850000 0.653125 0.037500 0.034375
0 0.298438 0.708594 0.031250 0.048438
0 0.357812 0.667969 0.093750 0.092188
0 0.984375 0.252344 0.028125 0.057813
0 0.662500 0.536719 0.087500 0.042188
0 0.214844 0.064062 0.042188 0.043750
0 0.717969 0.015625 0.054688 0.031250
0 0.561719 0.975000 0.085938 0.046875
0 0.587500 0.530469 0.031250 0.032813
0 0.818750 0.011719 0.040625 0.023438
0 0.146875 0.561719 0.043750 0.042188
0 0.015625 0.578125 0.031250 0.081250
0 0.176563 0.640625 0.056250 0.056250
0 0.221094 0.452344 0.032813 0.035937
0 0.825000 0.608594 0.062500 0.051562
0 0.905469 0.439844 0.045312 0.039062
0 0.496094 0.156250 0.051562 0.050000
0 0.474219 0.815625 0.048438 0.046875
0 0.656250 0.974219 0.059375 0.048438
0 0.780469 0.762500 0.054688 0.050000
0 0.378125 0.774219 0.071875 0.079687
0 0.796094 0.056250 0.064062 0.062500
0 0.059375 0.526563 0.056250 0.056250
0 0.637500 0.862500 0.087500 0.087500
0 0.293750 0.931250 0.059375 0.046875
0 0.948438 0.968750 0.087500 0.059375
0 0.330469 0.565625 0.076563 0.068750
0 0.786719 0.221094 0.048438 0.054688
0 0.842187 0.234375 0.053125 0.068750
0 0.481250 0.434375 0.043750 0.037500
0 0.761719 0.287500 0.076563 0.059375
0 0.949219 0.896094 0.057813 0.054688
