0 0.605469 0.662500 0.042188 0.040625
0 0.048438 0.984375 0.046875 0.028125
0 0.242188 0.774219 0.034375 0.039062
0 0.990625 0.273438 0.018750 0.043750
0 0.556250 0.278125 0.050000 0.043750
0 0.689844 0.602344 0.045312 0.054688
0 0.737500 0.075781 0.053125 0.051562
0 0.546875 0.014063 0.090625 0.028125
0 0.624219 0.230469 0.035937 0.042188
0 0.057031 0.768750 0.042188 0.043750
0 0.015625 0.781250 0.031250 0.062500
0 0.158594 0.725000 0.045312 0.053125
0 0.085938 0.984375 0.046875 0.028125
0 0.375000 0.237500 0.050000 0.046875
0 0.781250 0.033594 0.040625 0.039062
0 0.527344 0.317969 0.045312 0.048438
0 0.492969 0.680469 0.048438 0.060937
0 0.452344 0.526563 0.045312 0.046875
0 0.073438 0.846094 0.043750 0.057813
0 0.287500 0.078906 0.043750 0.039062
0 0.309375 0.294531 0.071875 0.085938
0 0.455469 0.846094 0.042188 0.057813
0 0.030469 0.692969 0.060937 0.092188
0 0.278125 0.355469 0.050000 0.048438
0 0.421094 0.296875 0.051562 0.037500
0 0.933594 0.321875 0.089063 0.100000
0 0.025781 0.603125 0.054688 0.096875
0 0.215625 0.968750 0.093750 0.062500
0 0.909375 0.525000 0.059375 0.050000
0 0.131250 0.060937 0.121875 0.115625
0 0.369531 0.308594 0.045312 0.064062
0 0.855469 0.830469 0.095312 0.057813
0 0.076563 0.346094 0.071875 0.067187
0 0.940625 0.014063 0.078125 0.028125
0 0.489844 0.278125 0.064062 0.050000
0 0.387500 0.508594 0.059375 0.067187
0 0.675000 0.196094 0.071875 0.051562
0 0.377344 0.705469 0.042188 0.048438
0 0.410156 0.875000 0.042188 0.062500
0 0.096094 0.702344 0.060937 0.057813
0 0.870313 0.131250 0.050000 0.059375
0 0.953125 0.109375 0.075000 0.075000
0 0.556250 0.689844 0.053125 0.051562
0 0.623437 0.967187 0.075000 0.065625
0 0.918750 0.452344 0.062500 0.073438
0 0.503125 0.805469 0.071875 0.079687
0 0.107813 0.536719 0.071875 0.079687
0 0.096875 0.256250 0.112500 0.109375
0 0.696094 0.386719 0.048438 0.085938
0 0.639844 0.381250 0.054688 0.062500
0 0.335938 0.870313 0.071875 0.068750
0 0.471094 0.106250 0.082812 0.075000
0 0.211719 0.300000 0.073438 0.065625
0 0.659375 0.020313 0.059375 0.040625
0 0.542969 0.183594 0.073438 0.051562
0 0.474219 0.939844 0.057813 0.067187
0 0.652344 0.146875 0.054688 0.056250
0 0.768750 0.387500 0.090625 0.115625
