0 0.346875 0.677344 0.056250 0.051562
0 0.699219 0.871875 0.051562 0.046875
0 0.023438 0.329688 0.046875 0.053125
0 0.299219 0.686719 0.054688 0.042188
0 0.861719 0.852344 0.039062 0.042188
0 0.175000 0.930469 0.040625 0.042188
0 0.949219 0.487500 0.070312 0.087500
0 0.492188 0.577344 0.040625 0.067187
0 0.209375 0.867969 0.059375 0.057813
0 0.662500 0.752344 0.068750 0.073438
0 0.777344 0.464844 0.042188 0.054688
0 0.242188 0.924219 0.037500 0.060937
0 0.261719 0.383594 0.042188 0.032813
0 0.192188 0.018750 0.087500 0.037500
0 0.246094 0.718750 0.054688 0.071875
0 0.060937 0.768750 0.056250 0.087500
0 0.784375 0.527344 0.046875 0.054688
0 0.527344 0.565625 0.039062 0.043750
0 0.089844 0.233594 0.051562 0.051562
0 0.505469 0.128125 0.048438 0.050000
0 0.964844 0.639062 0.064062 0.125000
0 0.060937 0.089844 0.043750 0.045312
0 0.761719 0.839844 0.070312 0.067187
0 0.916406 0.919531 0.054688 0.073438
0 0.600000 0.302344 0.103125 0.098437
0 0.403125 0.823438 0.046875 0.043750
0 0.842969 0.771094 0.060937 0.070312
0 0.765625 0.773438 0.062500 0.065625
0 0.971875 0.933594 0.053125 0.092188
0 0.562500 0.381250 0.062500 0.075000
0 0.143750 0.977344 0.056250 0.042188
0 0.028906 0.415625 0.057813 0.084375
0 0.030469 0.489844 0.051562 0.045312
0 0.132812 0.414844 0.125000 0.164062
0 0.087500 0.540625 0.046875 0.071875
0 0.618750 0.020313 0.056250 0.040625
0 0.368750 0.508594 0.046875 0.067187
0 0.308594 0.914844 0.067187 0.067187
0 0.705469 0.181250 0.054688 0.081250
0 0.414844 0.504687 0.039062 0.053125
