0 0.505469 0.041406 0.076563 0.054688
0 0.034375 0.432031 0.046875 0.060937
0 0.299219 0.779687 0.057813 0.046875
0 0.239063 0.340625 0.056250 0.056250
0 0.862500 0.089844 0.040625 0.042188
0 0.662500 0.014063 0.084375 0.028125
0 0.392969 0.933594 0.045312 0.042188
0 0.173437 0.164844 0.037500 0.039062
0 0.241406 0.170313 0.045312 0.065625
0 0.896094 0.358594 0.070312 0.076563
0 0.235937 0.524219 0.075000 0.048438
0 0.214844 0.103125 0.060937 0.059375
0 0.123438 0.430469 0.053125 0.064062
0 0.618750 0.257812 0.050000 0.053125
0 0.699219 0.109375 0.054688 0.046875
0 0.158594 0.585938 0.076563 0.062500
0 0.381250 0.352344 0.037500 0.054688
0 0.843750 0.023438 0.065625 0.046875
0 0.614844 0.305469 0.035937 0.042188
0 0.971875 0.173437 0.053125 0.087500
0 0.434375 0.724219 0.046875 0.054688
0 0.427344 0.339062 0.057813 0.090625
0 0.925000 0.155469 0.050000 0.073438
0 0.058594 0.026562 0.051562 0.050000
0 0.761719 0.075781 0.073438 0.067187
0 0.403125 0.062500 0.046875 0.043750
0 0.767969 0.023438 0.060937 0.046875
0 0.164844 0.901563 0.092188 0.071875
0 0.142969 0.225000 0.057813 0.062500
0 0.234375 0.440625 0.100000 0.096875
0 0.308594 0.153125 0.067187 0.065625
