0 0.148438 0.196094 0.081250 0.054688
0 0.017188 0.427344 0.034375 0.042188
0 0.665625 0.117969 0.046875 0.064062
0 0.035156 0.033594 0.051562 0.048438
0 0.559375 0.857812 0.040625 0.050000
0 0.489844 0.565625 0.073438 0.059375
0 0.425000 0.843750 0.059375 0.059375
0 0.495312 0.192969 0.053125 0.054688
0 0.262500 0.032813 0.068750 0.062500
0 0.499219 0.287500 0.082812 0.056250
0 0.162500 0.053906 0.059375 0.064062
0 0.649219 0.017188 0.054688 0.034375
0 0.227344 0.887500 0.054688 0.071875
0 0.637500 0.984375 0.046875 0.031250
0 0.943750 0.108594 0.046875 0.060937
0 0.487500 0.958594 0.075000 0.060937
0 0.518750 0.618750 0.043750 0.037500
0 0.515625 0.850000 0.040625 0.043750
0 0.574219 0.533594 0.045312 0.060937
0 0.732812 0.702344 0.053125 0.048438
0 0.575000 0.577344 0.043750 0.042188
0 0.461719 0.371094 0.064062 0.064062
0 0.017188 0.296875 0.034375 0.065625
0 0.810937 0.808594 0.034375 0.039062
0 0.838281 0.035937 0.085938 0.071875
0 0.350000 0.871094 0.050000 0.057813
0 0.011719 0.717969 0.023438 0.073438
0 0.354687 0.095312 0.046875 0.053125
0 0.971875 0.192969 0.050000 0.051562
0 0.581250 0.243750 0.050000 0.046875
0 0.271094 0.577344 0.076563 0.070312
0 0.078906 0.859375 0.060937 0.068750
0 0.817969 0.227344 0.067187 0.067187
0 0.545312 0.085938 0.087500 0.093750
0 0.139844 0.633594 0.060937 0.060937
0 0.446875 0.483594 0.050000 0.064062
0 0.580469 0.176563 0.082812 0.090625
0 0.215625 0.724219 0.062500 0.064062
0 0.642969 0.260937 0.048438 0.056250
0 0.542969 0.773438 0.076563 0.078125
0 0.105469 0.956250 0.051562 0.065625
0 0.636719 0.546875 0.057813 0.062500
0 0.405469 0.755469 0.048438 0.067187
0 0.293750 0.842187 0.062500 0.068750
0 0.886719 0.342969 0.089063 0.107813
