0 0.433594 0.093750 0.042188 0.031250
0 0.311719 0.449219 0.070312 0.057813
0 0.464062 0.009375 0.050000 0.018750
0 0.680469 0.029687 0.045312 0.050000
0 0.046875 0.032813 0.034375 0.034375
0 0.617969 0.799219 0.035937 0.048438
0 0.636719 0.025000 0.048438 0.050000
0 0.971094 0.131250 0.051562 0.043750
0 0.149219 0.071875 0.060937 0.050000
0 0.414844 0.277344 0.042188 0.051562
0 0.367188 0.255469 0.040625 0.042188
0 0.176563 0.592187 0.040625 0.046875
0 0.221875 0.126562 0.037500 0.040625
0 0.367969 0.067969 0.045312 0.042188
0 0.964063 0.521875 0.053125 0.043750
0 0.108594 0.375000 0.057813 0.065625
0 0.014063 0.300000 0.028125 0.081250
0 0.823438 0.975000 0.075000 0.050000
0 0.843750 0.796094 0.065625 0.051562
0 0.871875 0.526563 0.075000 0.065625
0 0.935937 0.180469 0.043750 0.048438
0 0.249219 0.300000 0.057813 0.065625
0 0.056250 0.142969 0.106250 0.092188
0 0.161719 0.403125 0.060937 0.078125
