0 0.117969 0.828125 0.054688 0.059375
0 0.864844 0.128125 0.064062 0.050000
0 0.034375 0.235937 0.068750 0.062500
0 0.771094 0.527344 0.042188 0.051562
0 0.628125 0.304688 0.037500 0.034375
0 0.781250 0.268750 0.040625 0.046875
0 0.826562 0.014063 0.059375 0.028125
0 0.943750 0.790625 0.031250 0.028125
0 0.608594 0.617969 0.048438 0.048438
0 0.180469 0.959375 0.060937 0.043750
0 0.896094 0.202344 0.045312 0.039062
0 0.867969 0.705469 0.051562 0.054688
0 0.718750 0.968750 0.065625 0.062500
0 0.937500 0.456250 0.046875 0.037500
0 0.840625 0.298438 0.059375 0.078125
