0 0.364844 0.774219 0.042188 0.045312
0 0.014063 0.105469 0.028125 0.045312
0 0.192188 0.574219 0.034375 0.035937
0 0.111719 0.328125 0.039062 0.059375
0 0.096875 0.552344 0.053125 0.039062
0 0.289844 0.261719 0.029687 0.026562
0 0.407813 0.930469 0.037500 0.035937
0 0.346875 0.714063 0.021875 0.028125
0 0.521875 0.017188 0.075000 0.034375
0 0.142969 0.627344 0.035937 0.042188
0 0.202344 0.774219 0.029687 0.029687
0 0.667188 0.524219 0.050000 0.039062
0 0.624219 0.057813 0.064062 0.056250
0 0.189844 0.971094 0.060937 0.057813
0 0.714844 0.020313 0.060937 0.040625
0 0.017188 0.271094 0.034375 0.048438
0 0.871094 0.779687 0.076563 0.087500
0 0.196094 0.696875 0.064062 0.068750
0 0.477344 0.161719 0.045312 0.051562
0 0.265625 0.814844 0.046875 0.067187
