0 0.414844 0.989844 0.045312 0.017188
0 0.193750 0.009375 0.062500 0.018750
0 0.893750 0.812500 0.071875 0.100000
0 0.792969 0.465625 0.032813 0.050000
0 0.024219 0.628125 0.048438 0.096875
0 0.585938 0.592969 0.068750 0.064062
0 0.699219 0.780469 0.032813 0.032813
0 0.015625 0.932813 0.031250 0.081250
0 0.615625 0.511719 0.100000 0.092188
0 0.231250 0.421875 0.065625 0.062500
0 0.890625 0.533594 0.034375 0.035937
0 0.455469 0.836719 0.039062 0.054688
0 0.834375 0.677344 0.037500 0.032813
0 0.202344 0.805469 0.060937 0.070312
0 0.512500 0.196094 0.034375 0.035937
0 0.386719 0.674219 0.060937 0.085938
0 0.284375 0.765625 0.056250 0.071875
0 0.643750 0.409375 0.084375 0.109375
0 0.381250 0.167969 0.040625 0.039062
0 0.889844 0.127344 0.095312 0.073438
0 0.633594 0.177344 0.092188 0.079687
0 0.715625 0.370312 0.062500 0.062500
0 0.265625 0.880469 0.065625 0.073438
0 0.827344 0.180469 0.067187 0.085938
0 0.752344 0.264844 0.092188 0.107813
