0 0.300000 0.289844 0.056250 0.042188
0 0.304688 0.068750 0.053125 0.056250
0 0.893750 0.064844 0.078125 0.085938
0 0.015625 0.167969 0.031250 0.079687
0 0.698438 0.018750 0.034375 0.034375
0 0.946094 0.939844 0.067187 0.089063
0 0.455469 0.074219 0.042188 0.057813
0 0.199219 0.041406 0.060937 0.067187
0 0.484375 0.650000 0.059375 0.050000
0 0.284375 0.018750 0.053125 0.040625
0 0.264844 0.117969 0.067187 0.073438
0 0.682813 0.378125 0.046875 0.056250
0 0.955469 0.746094 0.079687 0.142187
0 0.914844 0.292187 0.070312 0.084375
