0 0.975000 0.009375 0.043750 0.018750
0 0.831250 0.989844 0.059375 0.020313
0 0.964844 0.337500 0.060937 0.059375
0 0.502344 0.240625 0.039062 0.040625
0 0.586719 0.562500 0.051562 0.071875
0 0.761719 0.578125 0.070312 0.068750
0 0.599219 0.789844 0.079687 0.067187
0 0.961719 0.439063 0.048438 0.062500
0 0.942187 0.567969 0.109375 0.060937
0 0.511719 0.562500 0.101562 0.103125
0 0.962500 0.921094 0.068750 0.098437
0 0.765625 0.855469 0.093750 0.117188
0 0.693750 0.493750 0.109375 0.084375
0 0.818750 0.184375 0.084375 0.087500
0 0.461719 0.286719 0.079687 0.076563
