0 0.359375 0.278125 0.046875 0.043750
0 0.565625 0.492188 0.056250 0.050000
0 0.980469 0.402344 0.035937 0.057813
0 0.208594 0.800000 0.048438 0.046875
0 0.921094 0.749219 0.042188 0.045312
0 0.264844 0.339844 0.051562 0.048438
0 0.221094 0.081250 0.051562 0.053125
0 0.740625 0.574219 0.053125 0.042188
0 0.512500 0.752344 0.062500 0.042188
0 0.512500 0.280469 0.034375 0.029687
0 0.377344 0.368750 0.057813 0.040625
0 0.781250 0.977344 0.062500 0.042188
0 0.377344 0.014063 0.054688 0.028125
0 0.278125 0.667969 0.065625 0.045312
0 0.133594 0.554688 0.054688 0.046875
0 0.108594 0.765625 0.095312 0.059375
0 0.643750 0.196094 0.081250 0.079687
0 0.262500 0.281250 0.075000 0.075000
0 0.621875 0.702344 0.087500 0.057813
0 0.335938 0.471094 0.065625 0.067187
0 0.727344 0.302344 0.082812 0.060937
0 0.971875 0.508594 0.050000 0.051562
0 0.374219 0.671875 0.082812 0.081250
0 0.733594 0.864844 0.054688 0.051562
0 0.530469 0.692969 0.079687 0.067187
0 0.031250 0.442969 0.062500 0.079687
0 0.180469 0.474219 0.070312 0.076563
