0 0.961719 0.358594 0.070312 0.045312
0 0.896094 0.929688 0.079687 0.056250
0 0.958594 0.836719 0.048438 0.032813
0 0.971094 0.108594 0.054688 0.060937
0 0.140625 0.327344 0.065625 0.067187
0 0.168750 0.242969 0.106250 0.057813
0 0.935937 0.777344 0.078125 0.054688
0 0.689844 0.759375 0.048438 0.037500
0 0.378125 0.546875 0.053125 0.040625
0 0.712500 0.075781 0.121875 0.076563
0 0.764844 0.517969 0.067187 0.054688
0 0.490625 0.687500 0.081250 0.046875
0 0.367188 0.330469 0.065625 0.060937
0 0.681250 0.805469 0.065625 0.048438
0 0.862500 0.858594 0.137500 0.095312
0 0.671094 0.289844 0.064062 0.051562
0 0.608594 0.331250 0.073438 0.062500
0 0.896094 0.527344 0.060937 0.054688
0 0.396094 0.249219 0.104688 0.060937
0 0.521094 0.252344 0.060937 0.051562
0 0.293750 0.446094 0.078125 0.064062
0 0.956250 0.433594 0.087500 0.076563
