0 0.009375 0.678125 0.018750 0.056250
0 0.117969 0.683594 0.051562 0.045312
0 0.965625 0.189844 0.068750 0.048438
0 0.033594 0.740625 0.057813 0.046875
0 0.658594 0.414844 0.060937 0.067187
0 0.633594 0.808594 0.057813 0.060937
0 0.925000 0.243750 0.059375 0.037500
0 0.133594 0.618750 0.073438 0.065625
0 0.660156 0.936719 0.089063 0.070312
0 0.371875 0.986719 0.093750 0.026562
0 0.350000 0.818750 0.040625 0.037500
0 0.517969 0.454688 0.079687 0.068750
0 0.971875 0.517188 0.053125 0.065625
0 0.359375 0.881250 0.071875 0.062500
0 0.013281 0.964844 0.026562 0.067187
0 0.799219 0.983594 0.085938 0.032813
0 0.859375 0.403125 0.093750 0.071875
0 0.614844 0.862500 0.076563 0.059375
0 0.267969 0.292969 0.060937 0.048438
0 0.717969 0.634375 0.126562 0.109375
0 0.946875 0.584375 0.103125 0.078125
0 0.640625 0.192969 0.056250 0.042188
0 0.721875 0.208594 0.068750 0.054688
