0 0.809375 0.424219 0.118750 0.095312
0 0.007812 0.571094 0.015625 0.048438
0 0.179688 0.982812 0.062500 0.034375
0 0.514844 0.911719 0.051562 0.042188
0 0.483594 0.596094 0.085938 0.073438
0 0.011719 0.949219 0.023438 0.051562
0 0.123438 0.830469 0.050000 0.060937
0 0.252344 0.074219 0.073438 0.060937
0 0.346094 0.371094 0.073438 0.042188
0 0.937500 0.361719 0.125000 0.101562
0 0.178125 0.227344 0.065625 0.051562
0 0.367969 0.031250 0.107813 0.062500
0 0.181250 0.805469 0.075000 0.082812
0 0.546094 0.858594 0.092188 0.051562
0 0.203125 0.158594 0.068750 0.054688
0 0.602344 0.255469 0.067187 0.054688
0 0.073438 0.984375 0.062500 0.031250
0 0.471875 0.512500 0.046875 0.043750
0 0.717969 0.100000 0.095312 0.062500
0 0.514062 0.098437 0.043750 0.043750
0 0.393750 0.952344 0.112500 0.089063
0 0.717187 0.242969 0.062500 0.048438
0 0.800000 0.764844 0.068750 0.064062
0 0.490625 0.042969 0.065625 0.064062
0 0.967969 0.737500 0.057813 0.106250
0 0.811719 0.028906 0.082812 0.057813
0 0.650000 0.333594 0.068750 0.085938
