0 0.986719 0.643750 0.023438 0.065625
0 0.846094 0.839844 0.067187 0.079687
0 0.209375 0.241406 0.071875 0.060937
0 0.335938 0.714063 0.037500 0.037500
0 0.492969 0.715625 0.057813 0.050000
0 0.106250 0.058594 0.068750 0.092188
0 0.080469 0.783594 0.060937 0.092188
0 0.011719 0.186719 0.023438 0.054688
0 0.971094 0.014063 0.051562 0.028125
0 0.318750 0.971875 0.062500 0.056250
0 0.792969 0.017188 0.089063 0.034375
0 0.045312 0.276562 0.059375 0.062500
0 0.153125 0.776563 0.084375 0.112500
0 0.545312 0.096094 0.093750 0.054688
0 0.028125 0.492969 0.050000 0.051562
0 0.174219 0.043750 0.076563 0.084375
0 0.082812 0.243750 0.065625 0.068750
0 0.137500 0.643750 0.062500 0.059375
0 0.205469 0.486719 0.073438 0.082812
0 0.393750 0.196094 0.109375 0.110937
0 0.124219 0.526563 0.082812 0.071875
0 0.364844 0.609375 0.104688 0.087500
0 0.042969 0.431250 0.067187 0.068750
0 0.633594 0.361719 0.101562 0.117188
