0 0.243750 0.431250 0.046875 0.031250
0 0.260156 0.774219 0.092188 0.076563
0 0.667969 0.300000 0.085938 0.053125
0 0.980469 0.505469 0.035937 0.039062
0 0.521094 0.733594 0.057813 0.051562
0 0.281250 0.125000 0.040625 0.034375
0 0.575000 0.917969 0.075000 0.064062
0 0.153125 0.730469 0.046875 0.035937
0 0.967969 0.199219 0.060937 0.064062
0 0.318750 0.361719 0.065625 0.048438
0 0.196094 0.080469 0.054688 0.045312
0 0.280469 0.189844 0.064062 0.048438
0 0.446094 0.968750 0.107813 0.053125
0 0.953125 0.908594 0.093750 0.085938
0 0.080469 0.037500 0.042188 0.034375
