0 0.778125 0.311719 0.062500 0.048438
0 0.273438 0.776563 0.081250 0.056250
0 0.858594 0.205469 0.089063 0.067187
0 0.032813 0.759375 0.046875 0.037500
0 0.955469 0.487500 0.060937 0.046875
0 0.303125 0.359375 0.068750 0.043750
0 0.017188 0.296094 0.034375 0.064062
0 0.242188 0.928125 0.075000 0.050000
0 0.560937 0.821094 0.053125 0.042188
0 0.109375 0.517969 0.065625 0.054688
0 0.336719 0.105469 0.098437 0.048438
0 0.846094 0.318750 0.079687 0.071875
0 0.442969 0.575000 0.067187 0.037500
0 0.942969 0.818750 0.098437 0.062500
0 0.196875 0.859375 0.146875 0.103125
0 0.939844 0.274219 0.085938 0.048438
0 0.057813 0.078125 0.109375 0.081250
0 0.486719 0.281250 0.110937 0.068750
0 0.711719 0.131250 0.057813 0.040625
0 0.237500 0.528125 0.065625 0.056250
0 0.462500 0.764062 0.090625 0.053125
0 0.424219 0.064062 0.076563 0.043750
0 0.392969 0.255469 0.079687 0.048438
0 0.029687 0.807813 0.059375 0.053125
0 0.571094 0.293750 0.060937 0.056250
0 0.728125 0.221875 0.109375 0.106250
0 0.671875 0.467969 0.090625 0.057813
0 0.307812 0.433594 0.112500 0.073438
