0 0.152344 0.424219 0.123438 0.098437
0 0.896094 0.403125 0.051562 0.050000
0 0.289844 0.362500 0.129688 0.093750
0 0.935937 0.157812 0.081250 0.050000
0 0.392969 0.331250 0.076563 0.081250
0 0.540625 0.982812 0.059375 0.034375
0 0.805469 0.333594 0.048438 0.042188
0 0.496875 0.386719 0.059375 0.051562
0 0.015625 0.345313 0.028125 0.100000
0 0.861719 0.335938 0.076563 0.056250
0 0.059375 0.242188 0.056250 0.046875
0 0.064062 0.099219 0.090625 0.064062
0 0.139844 0.765625 0.070312 0.065625
0 0.152344 0.029687 0.082812 0.059375
0 0.931250 0.039062 0.128125 0.078125
0 0.350000 0.737500 0.131250 0.103125
