0 0.323437 0.371094 0.043750 0.045312
0 0.628125 0.490625 0.050000 0.037500
0 0.140625 0.314844 0.056250 0.042188
0 0.659375 0.721875 0.093750 0.062500
0 0.765625 0.749219 0.087500 0.045312
0 0.390625 0.298438 0.109375 0.081250
0 0.606250 0.980469 0.056250 0.039062
0 0.867969 0.125000 0.060937 0.053125
0 0.071094 0.271094 0.067187 0.051562
0 0.743750 0.521094 0.068750 0.067187
0 0.539844 0.495312 0.051562 0.046875
0 0.956250 0.831250 0.062500 0.062500
0 0.871875 0.778125 0.071875 0.071875
0 0.367969 0.505469 0.070312 0.064062
0 0.527344 0.158594 0.060937 0.048438
0 0.914844 0.324219 0.064062 0.070312
0 0.184375 0.390625 0.053125 0.043750
0 0.500000 0.346094 0.059375 0.060937
0 0.592969 0.308594 0.092188 0.082812
0 0.031250 0.137500 0.062500 0.109375
0 0.883594 0.203125 0.073438 0.056250
0 0.414844 0.681250 0.123438 0.125000
0 0.458594 0.484375 0.070312 0.046875
0 0.951562 0.971094 0.071875 0.057813
0 0.789844 0.096094 0.051562 0.045312
0 0.467969 0.824219 0.067187 0.082812
0 0.745313 0.950000 0.071875 0.053125
0 0.875000 0.953125 0.068750 0.056250
0 0.440625 0.928125 0.100000 0.084375
0 0.771875 0.652344 0.078125 0.048438
0 0.363281 0.812500 0.070312 0.043750
0 0.795312 0.179688 0.056250 0.040625
0 0.770312 0.029687 0.118750 0.059375
0 0.978125 0.033594 0.043750 0.067187
0 0.708594 0.103125 0.085938 0.078125
0 0.393750 0.180469 0.109375 0.076563
0 0.692969 0.186719 0.067187 0.045312
0 0.098437 0.539844 0.156250 0.117188
0 0.898438 0.708594 0.084375 0.057813
0 0.268750 0.425000 0.096875 0.068750
0 0.287500 0.862500 0.103125 0.093750
0 0.134375 0.931250 0.109375 0.071875
0 0.821875 0.300000 0.071875 0.056250
0 0.142187 0.190625 0.096875 0.106250
0 0.739844 0.321094 0.098437 0.095312
0 0.057813 0.376563 0.109375 0.109375
0 0.810937 0.405469 0.084375 0.073438
0 0.859375 0.542969 0.134375 0.123438
