0 0.349219 0.908594 0.045312 0.039062
0 0.302344 0.200000 0.064062 0.040625
0 0.220312 0.760938 0.046875 0.046875
0 0.439063 0.142187 0.159375 0.090625
0 0.800000 0.983594 0.053125 0.029687
0 0.878125 0.828125 0.059375 0.043750
0 0.676562 0.502344 0.109375 0.076563
0 0.521875 0.955469 0.112500 0.082812
0 0.117188 0.062500 0.090625 0.078125
0 0.964063 0.517969 0.068750 0.085938
0 0.039062 0.355469 0.071875 0.054688
0 0.477344 0.289844 0.067187 0.051562
0 0.342969 0.261719 0.048438 0.042188
0 0.592969 0.883594 0.123438 0.064062
0 0.146094 0.280469 0.079687 0.070312
0 0.856250 0.593750 0.109375 0.068750
0 0.325000 0.792969 0.084375 0.079687
0 0.662500 0.703125 0.128125 0.065625
0 0.940625 0.392969 0.118750 0.067187
0 0.725000 0.796875 0.131250 0.071875
0 0.014063 0.554688 0.028125 0.084375
0 0.430469 0.230469 0.048438 0.042188
0 0.423438 0.699219 0.118750 0.070312
0 0.311719 0.611719 0.067187 0.060937
0 0.507812 0.644531 0.059375 0.042188
0 0.823438 0.072656 0.100000 0.082812
0 0.107813 0.840625 0.087500 0.043750
0 0.300000 0.346094 0.115625 0.095312
0 0.199219 0.871875 0.082812 0.059375
0 0.114062 0.781250 0.093750 0.056250
0 0.595313 0.599219 0.118750 0.092188
0 0.432812 0.450000 0.096875 0.068750
0 0.525000 0.074219 0.118750 0.089063
0 0.893750 0.178125 0.100000 0.093750
0 0.292969 0.671094 0.101562 0.054688
0 0.942969 0.764062 0.098437 0.075000
0 0.961719 0.264844 0.070312 0.079687
0 0.212500 0.205469 0.109375 0.085938
0 0.564844 0.407813 0.120313 0.103125
