0 0.029687 0.130469 0.056250 0.067187
0 0.842969 0.818750 0.073438 0.062500
0 0.453125 0.155469 0.109375 0.051562
0 0.752344 0.202344 0.089063 0.073438
0 0.955469 0.990625 0.051562 0.018750
0 0.846875 0.758594 0.075000 0.048438
0 0.742969 0.846094 0.073438 0.035937
0 0.871875 0.982812 0.046875 0.034375
0 0.711719 0.967969 0.067187 0.064062
0 0.908594 0.939844 0.098437 0.057813
0 0.618750 0.456250 0.081250 0.075000
0 0.617969 0.965625 0.114062 0.068750
0 0.749219 0.454688 0.114062 0.081250
0 0.736719 0.799219 0.095312 0.057813
0 0.806250 0.906250 0.100000 0.081250
0 0.058594 0.521875 0.085938 0.046875
0 0.624219 0.814844 0.123438 0.095312
0 0.742188 0.096094 0.103125 0.064062
0 0.917188 0.867969 0.084375 0.064062
