0 0.956250 0.023438 0.050000 0.046875
0 0.098437 0.183594 0.068750 0.051562
0 0.711719 0.010937 0.067187 0.021875
0 0.983594 0.615625 0.032813 0.040625
0 0.808594 0.017188 0.054688 0.037500
0 0.864844 0.289844 0.060937 0.048438
0 0.984375 0.268750 0.028125 0.037500
0 0.893750 0.409375 0.075000 0.059375
0 0.842969 0.180469 0.095312 0.042188
0 0.607812 0.020313 0.115625 0.037500
0 0.835938 0.079687 0.040625 0.037500
0 0.841406 0.377344 0.042188 0.039062
0 0.911719 0.306250 0.035937 0.037500
0 0.964063 0.384375 0.050000 0.040625
0 0.861719 0.243750 0.067187 0.059375
0 0.708594 0.984375 0.064062 0.028125
0 0.783594 0.064844 0.060937 0.054688
0 0.880469 0.983594 0.098437 0.032813
0 0.739844 0.905469 0.070312 0.048438
0 0.793750 0.124219 0.087500 0.054688
0 0.710938 0.230469 0.093750 0.064062
0 0.771875 0.982812 0.059375 0.034375
0 0.967969 0.314844 0.060937 0.048438
0 0.896875 0.774219 0.100000 0.079687
0 0.823438 0.853125 0.078125 0.090625
0 0.030469 0.214844 0.060937 0.060937
0 0.768750 0.204687 0.056250 0.062500
0 0.756250 0.352344 0.093750 0.060937
0 0.881250 0.545312 0.090625 0.056250
0 0.977344 0.689844 0.042188 0.060937
0 0.864844 0.137500 0.051562 0.046875
0 0.889844 0.464844 0.079687 0.051562
0 0.886719 0.081250 0.064062 0.043750
0 0.225000 0.464844 0.121875 0.076563
0 0.639062 0.080469 0.084375 0.064062
0 0.968750 0.546875 0.056250 0.056250
0 0.931250 0.635938 0.075000 0.062500
0 0.964844 0.127344 0.067187 0.095312
0 0.589844 0.756250 0.095312 0.100000
