0 0.903906 0.204687 0.042188 0.046875
0 0.434375 0.392969 0.131250 0.076563
0 0.796094 0.237500 0.048438 0.040625
0 0.859375 0.358594 0.053125 0.045312
0 0.982812 0.575000 0.034375 0.056250
0 0.933594 0.521094 0.057813 0.076563
0 0.826562 0.107813 0.084375 0.075000
0 0.815625 0.023438 0.056250 0.046875
0 0.951562 0.352344 0.056250 0.064062
0 0.987500 0.074219 0.021875 0.060937
0 0.190625 0.253125 0.121875 0.071875
0 0.902344 0.418750 0.070312 0.046875
0 0.955469 0.215625 0.060937 0.053125
0 0.728125 0.056250 0.109375 0.103125
0 0.439844 0.205469 0.129688 0.095312
0 0.810937 0.173437 0.075000 0.053125
0 0.881250 0.028906 0.078125 0.057813
