0 0.037500 0.954688 0.068750 0.034375
0 0.114844 0.979688 0.070312 0.040625
0 0.240625 0.153125 0.059375 0.059375
0 0.380469 0.028125 0.057813 0.053125
0 0.064062 0.831250 0.065625 0.050000
0 0.013281 0.708594 0.026562 0.054688
0 0.458594 0.300000 0.101562 0.071875
0 0.252344 0.867188 0.076563 0.062500
0 0.302344 0.390625 0.060937 0.062500
0 0.835938 0.530469 0.040625 0.039062
0 0.470313 0.930469 0.078125 0.076563
0 0.987500 0.974219 0.025000 0.048438
0 0.039062 0.902344 0.075000 0.067187
0 0.314844 0.989844 0.051562 0.017188
0 0.384375 0.989844 0.040625 0.017188
0 0.225000 0.023438 0.071875 0.046875
0 0.531250 0.914844 0.034375 0.035937
0 0.946094 0.964844 0.057813 0.054688
0 0.600000 0.361719 0.068750 0.045312
0 0.987500 0.434375 0.025000 0.078125
0 0.459375 0.378125 0.081250 0.065625
0 0.142969 0.552344 0.064062 0.082812
0 0.896094 0.896875 0.070312 0.065625
0 0.049219 0.059375 0.098437 0.112500
0 0.440625 0.218750 0.090625 0.090625
0 0.846875 0.652344 0.071875 0.064062
0 0.114844 0.734375 0.089063 0.065625
0 0.087500 0.537500 0.078125 0.071875
0 0.581250 0.035156 0.078125 0.070312
0 0.565625 0.431250 0.087500 0.096875
0 0.315625 0.146094 0.071875 0.060937
0 0.367188 0.771875 0.071875 0.065625
0 0.901563 0.592187 0.090625 0.078125
0 0.733594 0.587500 0.117188 0.103125
0 0.624219 0.692969 0.110937 0.098437
0 0.796094 0.890625 0.092188 0.075000
0 0.443750 0.737500 0.087500 0.084375
0 0.684375 0.337500 0.081250 0.068750
