0 0.982812 0.009375 0.034375 0.018750
0 0.256250 0.733594 0.075000 0.060937
0 0.502344 0.443750 0.132812 0.068750
0 0.474219 0.924219 0.042188 0.032813
0 0.821875 0.360938 0.053125 0.037500
0 0.590625 0.115625 0.056250 0.053125
0 0.271875 0.398438 0.050000 0.053125
0 0.524219 0.040625 0.057813 0.040625
0 0.214844 0.975000 0.057813 0.043750
0 0.058594 0.731250 0.098437 0.078125
0 0.364844 0.565625 0.051562 0.040625
0 0.118750 0.022656 0.059375 0.045312
0 0.100000 0.114844 0.062500 0.042188
0 0.283594 0.878125 0.123438 0.096875
0 0.927344 0.937500 0.057813 0.062500
0 0.386719 0.017188 0.042188 0.034375
0 0.674219 0.114844 0.070312 0.051562
0 0.359375 0.771875 0.056250 0.037500
0 0.971094 0.228125 0.057813 0.056250
0 0.292969 0.233594 0.070312 0.042188
0 0.859375 0.940625 0.059375 0.043750
0 0.032813 0.275000 0.065625 0.084375
0 0.333594 0.030469 0.082812 0.060937
0 0.255469 0.608594 0.117188 0.095312
