0 0.396094 0.277344 0.060937 0.042188
0 0.021094 0.264844 0.042188 0.039062
0 0.596875 0.181250 0.040625 0.031250
0 0.417969 0.217969 0.042188 0.039062
0 0.974219 0.176563 0.042188 0.034375
0 0.836719 0.662500 0.035937 0.034375
0 0.111719 0.292187 0.054688 0.037500
0 0.043750 0.200000 0.059375 0.043750
0 0.659375 0.983594 0.090625 0.029687
0 0.149219 0.206250 0.054688 0.068750
0 0.956250 0.625000 0.040625 0.031250
0 0.399219 0.130469 0.042188 0.039062
0 0.480469 0.796094 0.057813 0.039062
0 0.901563 0.192188 0.037500 0.031250
0 0.532813 0.417187 0.096875 0.087500
0 0.078125 0.364844 0.103125 0.042188
0 0.893750 0.009375 0.053125 0.018750
0 0.017188 0.599219 0.034375 0.073438
0 0.267969 0.706250 0.045312 0.040625
0 0.862500 0.983594 0.046875 0.029687
0 0.481250 0.474219 0.078125 0.051562
0 0.025000 0.121875 0.050000 0.081250
0 0.079687 0.899219 0.062500 0.048438
0 0.276562 0.651563 0.062500 0.059375
0 0.218750 0.948438 0.071875 0.056250
0 0.023438 0.308594 0.046875 0.039062
0 0.089844 0.656250 0.051562 0.040625
0 0.986719 0.953125 0.023438 0.059375
0 0.259375 0.078125 0.109375 0.100000
0 0.745313 0.109375 0.050000 0.037500
0 0.436719 0.702344 0.042188 0.035937
0 0.283594 0.977344 0.051562 0.042188
0 0.977344 0.093750 0.042188 0.056250
0 0.739062 0.153906 0.065625 0.045312
0 0.575000 0.956250 0.062500 0.056250
0 0.807813 0.486719 0.043750 0.032813
0 0.174219 0.056250 0.060937 0.065625
0 0.231250 0.455469 0.065625 0.054688
0 0.064062 0.841406 0.106250 0.073438
0 0.930469 0.975000 0.073438 0.050000
0 0.690625 0.581250 0.056250 0.068750
0 0.097656 0.958594 0.054688 0.057813
0 0.203125 0.670312 0.068750 0.075000
0 0.350000 0.517969 0.084375 0.082812
0 0.031250 0.687500 0.062500 0.065625
0 0.508594 0.109375 0.054688 0.053125
0 0.362500 0.202344 0.065625 0.057813
0 0.905469 0.352344 0.082812 0.054688
0 0.651563 0.133594 0.071875 0.060937
0 0.448437 0.389844 0.059375 0.057813
0 0.345313 0.967187 0.071875 0.065625
0 0.267969 0.771875 0.042188 0.037500
0 0.837500 0.026562 0.078125 0.050000
0 0.356250 0.398438 0.103125 0.128125
0 0.617969 0.339844 0.089063 0.064062
