0 0.200000 0.521875 0.046875 0.043750
0 0.958594 0.527344 0.035937 0.029687
0 0.007812 0.930469 0.015625 0.042188
0 0.086719 0.050000 0.042188 0.037500
0 0.155469 0.561719 0.051562 0.039062
0 0.224219 0.760938 0.057813 0.053125
0 0.074219 0.202344 0.082812 0.067187
0 0.849219 0.028906 0.051562 0.054688
0 0.181250 0.115625 0.059375 0.034375
0 0.987500 0.746094 0.025000 0.045312
0 0.396875 0.546094 0.059375 0.048438
0 0.464844 0.258594 0.054688 0.039062
0 0.340625 0.701562 0.059375 0.050000
0 0.014063 0.831250 0.028125 0.065625
0 0.709375 0.925000 0.046875 0.050000
0 0.555469 0.764844 0.032813 0.035937
0 0.023438 0.203125 0.056250 0.056250
0 0.159375 0.963281 0.112500 0.067187
0 0.639062 0.051562 0.056250 0.084375
0 0.074219 0.776563 0.079687 0.071875
0 0.574219 0.315625 0.042188 0.043750
0 0.515625 0.500000 0.059375 0.059375
0 0.376563 0.306250 0.050000 0.065625
0 0.846875 0.852344 0.040625 0.032813
0 0.835938 0.953125 0.037500 0.034375
0 0.022656 0.974219 0.045312 0.048438
0 0.843750 0.443750 0.087500 0.056250
0 0.025000 0.071875 0.050000 0.062500
0 0.276562 0.014063 0.046875 0.028125
0 0.750000 0.979688 0.068750 0.040625
0 0.321094 0.971875 0.067187 0.053125
0 0.537500 0.240625 0.062500 0.050000
0 0.126562 0.271094 0.068750 0.067187
0 0.646094 0.877344 0.064062 0.057813
0 0.596875 0.662500 0.065625 0.065625
0 0.075000 0.399219 0.081250 0.079687
0 0.499219 0.380469 0.076563 0.064062
0 0.899219 0.583594 0.073438 0.082812
0 0.187500 0.411719 0.084375 0.067187
0 0.974219 0.920312 0.051562 0.062500
0 0.335938 0.881250 0.059375 0.065625
0 0.327344 0.014063 0.051562 0.028125
0 0.224219 0.340625 0.064062 0.059375
0 0.208594 0.157812 0.048438 0.050000
0 0.561719 0.097656 0.070312 0.057813
0 0.230469 0.842187 0.067187 0.081250
0 0.712500 0.799219 0.065625 0.064062
0 0.405469 0.886719 0.060937 0.057813
0 0.814844 0.376563 0.070312 0.084375
0 0.930469 0.020313 0.076563 0.040625
0 0.158594 0.703125 0.051562 0.043750
0 0.664844 0.535156 0.092188 0.089063
0 0.781250 0.527344 0.084375 0.098437
0 0.740625 0.681250 0.081250 0.081250
0 0.417969 0.680469 0.042188 0.054688
0 0.568750 0.840625 0.053125 0.056250
0 0.243750 0.456250 0.075000 0.062500
0 0.371094 0.439844 0.067187 0.079687
