0 0.177344 0.443750 0.051562 0.053125
0 0.143750 0.292969 0.046875 0.035937
0 0.943750 0.901563 0.043750 0.043750
0 0.889844 0.679688 0.051562 0.053125
0 0.484375 0.242188 0.040625 0.040625
0 0.127344 0.439063 0.045312 0.043750
0 0.117969 0.205469 0.042188 0.073438
0 0.446094 0.558594 0.039062 0.042188
0 0.054688 0.542188 0.078125 0.081250
0 0.812500 0.255469 0.037500 0.039062
0 0.302344 0.282813 0.060937 0.043750
0 0.228125 0.014063 0.062500 0.028125
0 0.417969 0.890625 0.082812 0.075000
0 0.020313 0.058594 0.040625 0.042188
0 0.267188 0.971875 0.075000 0.053125
0 0.557813 0.009375 0.050000 0.018750
0 0.675000 0.265625 0.062500 0.046875
0 0.971094 0.418750 0.039062 0.040625
0 0.440625 0.796094 0.062500 0.054688
0 0.964844 0.323437 0.042188 0.046875
0 0.074219 0.025000 0.079687 0.050000
0 0.803906 0.963281 0.107813 0.073438
0 0.075781 0.389844 0.079687 0.098437
0 0.385937 0.267188 0.043750 0.037500
0 0.954688 0.739844 0.081250 0.098437
0 0.709375 0.162500 0.046875 0.050000
0 0.278125 0.353125 0.071875 0.065625
0 0.682813 0.643750 0.056250 0.065625
0 0.748437 0.436719 0.065625 0.076563
0 0.650000 0.780469 0.100000 0.085938
0 0.580469 0.621875 0.048438 0.053125
0 0.821094 0.687500 0.051562 0.056250
0 0.752344 0.228125 0.064062 0.059375
0 0.836719 0.189844 0.039062 0.035937
0 0.180469 0.217969 0.079687 0.089063
0 0.415625 0.977344 0.065625 0.045312
0 0.846094 0.090625 0.039062 0.031250
0 0.530469 0.352344 0.039062 0.039062
0 0.596094 0.517969 0.070312 0.082812
0 0.284375 0.511719 0.087500 0.092188
0 0.590625 0.268750 0.078125 0.056250
0 0.324219 0.211719 0.067187 0.057813
0 0.407813 0.124219 0.062500 0.060937
0 0.178125 0.714063 0.109375 0.128125
0 0.648438 0.114062 0.065625 0.059375
0 0.974219 0.158594 0.048438 0.057813
0 0.456250 0.296875 0.078125 0.056250
0 0.314844 0.418750 0.095312 0.068750
0 0.234375 0.083594 0.081250 0.085938
0 0.546094 0.414844 0.051562 0.067187
0 0.712500 0.035937 0.065625 0.062500
0 0.336719 0.114844 0.064062 0.076563
0 0.639062 0.436719 0.059375 0.054688
0 0.324219 0.852344 0.079687 0.092188
0 0.805469 0.868750 0.098437 0.115625
0 0.567969 0.078906 0.054688 0.057813
