0 0.022656 0.429688 0.042188 0.068750
0 0.628125 0.753125 0.050000 0.059375
0 0.873437 0.284375 0.053125 0.037500
0 0.084375 0.475000 0.065625 0.053125
0 0.755469 0.581250 0.067187 0.056250
0 0.062500 0.149219 0.056250 0.045312
0 0.617188 0.833594 0.062500 0.048438
0 0.809375 0.989844 0.043750 0.020313
0 0.514844 0.765625 0.073438 0.056250
0 0.543750 0.827344 0.059375 0.070312
0 0.937500 0.565625 0.034375 0.037500
0 0.750000 0.460938 0.075000 0.062500
0 0.021094 0.974219 0.042188 0.051562
0 0.652344 0.393750 0.064062 0.053125
0 0.853906 0.190625 0.082812 0.084375
0 0.983594 0.236719 0.029687 0.064062
0 0.576562 0.559375 0.075000 0.050000
0 0.932813 0.854688 0.093750 0.100000
0 0.878125 0.940625 0.046875 0.043750
0 0.806250 0.800000 0.050000 0.046875
0 0.664844 0.505469 0.048438 0.057813
0 0.562500 0.687500 0.065625 0.081250
0 0.742188 0.700000 0.096875 0.115625
0 0.670312 0.599219 0.071875 0.064062
0 0.623437 0.658594 0.053125 0.054688
0 0.211719 0.893750 0.067187 0.062500
0 0.364844 0.818750 0.067187 0.071875
0 0.066406 0.538281 0.067187 0.057813
