0 0.524219 0.246094 0.045312 0.042188
0 0.614844 0.417969 0.039062 0.042188
0 0.371094 0.196094 0.039062 0.035937
0 0.181250 0.134375 0.043750 0.065625
0 0.092188 0.764844 0.034375 0.035937
0 0.014063 0.227344 0.028125 0.064062
0 0.367969 0.063281 0.035937 0.039062
0 0.984375 0.356250 0.028125 0.096875
0 0.639844 0.885938 0.048438 0.034375
0 0.303125 0.765625 0.037500 0.037500
0 0.525000 0.131250 0.065625 0.037500
0 0.555469 0.980469 0.054688 0.039062
0 0.035937 0.946875 0.046875 0.037500
0 0.962500 0.224219 0.071875 0.064062
0 0.196094 0.955469 0.054688 0.035937
0 0.924219 0.152344 0.076563 0.060937
0 0.250000 0.857812 0.078125 0.053125
0 0.380469 0.148438 0.048438 0.040625
0 0.948438 0.065625 0.075000 0.071875
0 0.249219 0.145313 0.054688 0.065625
