0 0.628125 0.134375 0.046875 0.031250
0 0.599219 0.687500 0.045312 0.053125
0 0.715625 0.040625 0.034375 0.034375
0 0.492969 0.902344 0.064062 0.051562
0 0.777344 0.102344 0.029687 0.029687
0 0.992188 0.465625 0.015625 0.046875
0 0.745313 0.537500 0.043750 0.037500
0 0.249219 0.617188 0.042188 0.034375
0 0.224219 0.072656 0.045312 0.039062
0 0.224219 0.007812 0.039062 0.015625
0 0.015625 0.951562 0.031250 0.053125
0 0.106250 0.877344 0.050000 0.039062
0 0.980469 0.992188 0.035937 0.015625
0 0.765625 0.027344 0.031250 0.026562
0 0.929688 0.337500 0.037500 0.034375
0 0.564844 0.828125 0.057813 0.040625
0 0.445312 0.670312 0.065625 0.053125
0 0.796094 0.692969 0.042188 0.032813
0 0.546875 0.784375 0.059375 0.040625
0 0.849219 0.656250 0.064062 0.037500
0 0.701562 0.608594 0.071875 0.070312
0 0.464844 0.796875 0.051562 0.053125
0 0.439844 0.943750 0.042188 0.043750
0 0.366406 0.856250 0.064062 0.046875
0 0.432812 0.451562 0.075000 0.043750
0 0.857812 0.340625 0.068750 0.040625
0 0.318750 0.974219 0.050000 0.051562
0 0.571094 0.977344 0.054688 0.042188
0 0.987500 0.846094 0.021875 0.051562
0 0.858594 0.911719 0.045312 0.035937
0 0.446094 0.617969 0.042188 0.042188
0 0.396094 0.089844 0.057813 0.042188
0 0.783594 0.905469 0.035937 0.032813
0 0.771875 0.186719 0.037500 0.032813
0 0.677344 0.539844 0.048438 0.042188
0 0.817969 0.989844 0.051562 0.020313
0 0.174219 0.874219 0.039062 0.032813
0 0.475000 0.098437 0.065625 0.050000
0 0.780469 0.626563 0.064062 0.093750
0 0.308594 0.877344 0.054688 0.054688
0 0.508594 0.436719 0.064062 0.048438
0 0.671094 0.399219 0.076563 0.057813
0 0.661719 0.936719 0.070312 0.051562
0 0.883594 0.486719 0.092188 0.089063
0 0.496875 0.021875 0.081250 0.043750
0 0.559375 0.518750 0.043750 0.040625
0 0.600000 0.434375 0.056250 0.090625
0 0.311719 0.475000 0.042188 0.043750
0 0.912500 0.030469 0.056250 0.039062
0 0.389844 0.739844 0.070312 0.073438
0 0.687500 0.283594 0.050000 0.035937
0 0.671875 0.228125 0.053125 0.040625
0 0.878125 0.283594 0.071875 0.051562
0 0.277344 0.642969 0.051562 0.051562
0 0.771094 0.746875 0.051562 0.037500
0 0.286719 0.208594 0.067187 0.051562
0 0.260937 0.432812 0.050000 0.037500
0 0.042969 0.605469 0.067187 0.070312
0 0.117969 0.805469 0.064062 0.045312
