0 0.057813 0.928125 0.028125 0.031250
0 0.542969 0.979688 0.073438 0.040625
0 0.475000 0.853125 0.046875 0.059375
0 0.609375 0.165625 0.050000 0.046875
0 0.183594 0.082812 0.048438 0.031250
0 0.839063 0.435156 0.046875 0.064062
0 0.659375 0.618750 0.096875 0.087500
0 0.260156 0.284375 0.082812 0.034375
0 0.896875 0.649219 0.043750 0.048438
0 0.777344 0.465625 0.073438 0.096875
0 0.921875 0.013281 0.043750 0.026562
0 0.346094 0.421094 0.051562 0.057813
0 0.011719 0.159375 0.023438 0.059375
0 0.321094 0.980469 0.045312 0.035937
0 0.983594 0.018750 0.029687 0.037500
0 0.255469 0.633594 0.060937 0.048438
0 0.181250 0.309375 0.071875 0.103125
0 0.534375 0.392969 0.068750 0.057813
0 0.396094 0.977344 0.054688 0.042188
0 0.281250 0.206250 0.125000 0.121875
0 0.028125 0.712500 0.056250 0.071875
0 0.858594 0.029687 0.079687 0.059375
0 0.717969 0.239063 0.060937 0.056250
0 0.689844 0.380469 0.085938 0.057813
0 0.565625 0.739844 0.071875 0.060937
0 0.792188 0.579688 0.096875 0.090625
0 0.617969 0.286719 0.051562 0.039062
0 0.634375 0.526563 0.081250 0.096875
0 0.511719 0.899219 0.079687 0.095312
0 0.758594 0.712500 0.054688 0.059375
0 0.796094 0.842187 0.060937 0.081250
0 0.140625 0.599219 0.043750 0.070312
0 0.259375 0.449219 0.118750 0.145313
0 0.253906 0.952344 0.098437 0.085938
0 0.711719 0.863281 0.079687 0.117188
0 0.983594 0.355469 0.032813 0.098437
0 0.342969 0.310937 0.085938 0.096875
0 0.196875 0.689844 0.053125 0.060937
0 0.242969 0.350781 0.051562 0.048438
0 0.529687 0.487500 0.140625 0.150000
0 0.589844 0.920312 0.092188 0.125000
0 0.261719 0.833594 0.057813 0.054688
0 0.135156 0.239063 0.098437 0.068750
0 0.256250 0.094531 0.050000 0.057813
0 0.055469 0.793750 0.073438 0.071875
0 0.877344 0.912500 0.051562 0.071875
0 0.442969 0.755469 0.073438 0.089063
0 0.355469 0.734375 0.098437 0.087500
0 0.102344 0.977344 0.073438 0.045312
0 0.127344 0.812500 0.073438 0.090625
0 0.670312 0.758594 0.071875 0.092188
0 0.181250 0.526563 0.056250 0.056250
0 0.636719 0.235937 0.073438 0.053125
0 0.459375 0.203125 0.059375 0.059375
0 0.115625 0.356250 0.056250 0.056250
0 0.092188 0.524219 0.068750 0.085938
0 0.380469 0.038281 0.042188 0.039062
0 0.707812 0.139063 0.118750 0.125000
0 0.095312 0.130469 0.071875 0.067187
0 0.200000 0.812500 0.053125 0.050000
0 0.367188 0.857812 0.087500 0.118750
0 0.054688 0.265625 0.059375 0.053125
0 0.567969 0.117188 0.064062 0.053125
0 0.418750 0.640625 0.096875 0.121875
