0 0.986719 0.146094 0.026562 0.057813
0 0.041406 0.283594 0.057813 0.048438
0 0.321875 0.217188 0.046875 0.053125
0 0.371875 0.196875 0.046875 0.050000
0 0.892969 0.317969 0.067187 0.051562
0 0.824219 0.573438 0.048438 0.043750
0 0.015625 0.082031 0.031250 0.054688
0 0.302344 0.168750 0.064062 0.043750
0 0.039062 0.140625 0.046875 0.043750
0 0.121875 0.511719 0.040625 0.042188
0 0.896094 0.649219 0.048438 0.051562
0 0.152344 0.471875 0.045312 0.040625
0 0.759375 0.402344 0.065625 0.067187
0 0.408594 0.064062 0.039062 0.056250
0 0.242969 0.555469 0.054688 0.051562
0 0.017188 0.236719 0.034375 0.051562
0 0.802344 0.500000 0.064062 0.078125
0 0.881250 0.558594 0.031250 0.032813
0 0.971094 0.574219 0.051562 0.085938
0 0.703125 0.937500 0.078125 0.106250
0 0.618750 0.936719 0.037500 0.035937
0 0.371875 0.384375 0.050000 0.062500
0 0.765625 0.925000 0.050000 0.062500
0 0.855469 0.975000 0.057813 0.046875
0 0.421094 0.346094 0.048438 0.060937
0 0.493750 0.929688 0.096875 0.068750
0 0.208594 0.184375 0.054688 0.056250
0 0.608594 0.371094 0.064062 0.085938
0 0.303125 0.109375 0.062500 0.059375
0 0.153125 0.227344 0.071875 0.067187
0 0.667188 0.364844 0.053125 0.051562
0 0.733594 0.650000 0.082812 0.078125
0 0.114844 0.075000 0.076563 0.068750
0 0.521094 0.334375 0.073438 0.078125
0 0.838281 0.783594 0.067187 0.057813
0 0.392969 0.134375 0.067187 0.062500
0 0.050781 0.371875 0.098437 0.109375
0 0.714844 0.100000 0.054688 0.050000
0 0.796094 0.730469 0.057813 0.060937
0 0.717187 0.732812 0.059375 0.062500
0 0.609375 0.246875 0.056250 0.056250
0 0.568750 0.089844 0.065625 0.076563
