0 0.852344 0.205469 0.042188 0.035937
0 0.477344 0.789844 0.045312 0.035937
0 0.376563 0.205469 0.037500 0.048438
0 0.130469 0.609375 0.029687 0.021875
0 0.992188 0.906250 0.015625 0.050000
0 0.508594 0.890625 0.082812 0.075000
0 0.759375 0.818750 0.050000 0.056250
0 0.158594 0.215625 0.048438 0.037500
0 0.808594 0.173437 0.032813 0.028125
0 0.708594 0.098437 0.070312 0.046875
0 0.949219 0.874219 0.060937 0.051562
0 0.867188 0.392969 0.043750 0.035937
0 0.555469 0.671094 0.076563 0.057813
0 0.846875 0.010937 0.050000 0.021875
0 0.781250 0.417969 0.059375 0.060937
0 0.896094 0.246094 0.076563 0.076563
0 0.652344 0.977344 0.101562 0.045312
0 0.117188 0.324219 0.031250 0.026562
0 0.903125 0.952344 0.062500 0.060937
0 0.764844 0.750000 0.045312 0.050000
0 0.705469 0.915625 0.095312 0.090625
0 0.046094 0.502344 0.048438 0.057813
0 0.573438 0.771094 0.068750 0.064062
0 0.880469 0.831250 0.054688 0.059375
0 0.683594 0.152344 0.076563 0.067187
0 0.724219 0.679688 0.089063 0.096875
0 0.534375 0.096094 0.050000 0.057813
0 0.918750 0.586719 0.075000 0.064062
0 0.960938 0.810937 0.078125 0.084375
0 0.056250 0.687500 0.050000 0.034375
