0 0.031250 0.650000 0.059375 0.065625
0 0.009375 0.146875 0.018750 0.034375
0 0.305469 0.293750 0.035937 0.040625
0 0.127344 0.414844 0.035937 0.032813
0 0.771875 0.021875 0.084375 0.043750
0 0.964063 0.233594 0.053125 0.039062
0 0.512500 0.181250 0.050000 0.040625
0 0.384375 0.187500 0.034375 0.037500
0 0.799219 0.758594 0.051562 0.110937
0 0.733594 0.689844 0.089063 0.085938
0 0.396094 0.292969 0.060937 0.057813
0 0.039062 0.752344 0.075000 0.076563
0 0.035156 0.015625 0.064062 0.031250
0 0.986719 0.759375 0.026562 0.053125
0 0.015625 0.184375 0.031250 0.043750
0 0.221875 0.023438 0.046875 0.043750
0 0.118750 0.628125 0.056250 0.046875
0 0.875000 0.874219 0.065625 0.082812
0 0.072656 0.181250 0.057813 0.046875
0 0.803125 0.287500 0.159375 0.131250
0 0.502344 0.937500 0.060937 0.109375
0 0.168750 0.225000 0.053125 0.056250
0 0.287500 0.100000 0.062500 0.056250
0 0.860938 0.755469 0.071875 0.107813
0 0.459375 0.145313 0.071875 0.071875
0 0.421875 0.952344 0.100000 0.092188
0 0.971094 0.686719 0.051562 0.098437
0 0.968750 0.046875 0.059375 0.062500
0 0.964063 0.102344 0.050000 0.051562
0 0.834375 0.098437 0.109375 0.109375
0 0.780469 0.434375 0.064062 0.068750
0 0.765625 0.933594 0.140625 0.132812
