0 0.675000 0.155469 0.043750 0.060937
0 0.164844 0.512500 0.048438 0.037500
0 0.345313 0.833594 0.050000 0.045312
0 0.846094 0.975000 0.054688 0.046875
0 0.992969 0.546094 0.014063 0.045312
0 0.242969 0.352344 0.051562 0.048438
0 0.983594 0.814844 0.032813 0.039062
0 0.620313 0.690625 0.065625 0.065625
0 0.352344 0.492969 0.048438 0.048438
0 0.871094 0.758594 0.132812 0.157812
0 0.496875 0.896875 0.050000 0.046875
0 0.258594 0.514062 0.045312 0.043750
0 0.221875 0.268750 0.103125 0.068750
0 0.296094 0.358594 0.051562 0.073438
0 0.179688 0.664844 0.050000 0.051562
0 0.878125 0.111719 0.059375 0.076563
0 0.505469 0.176563 0.060937 0.096875
0 0.858594 0.028125 0.073438 0.056250
0 0.796875 0.023438 0.040625 0.046875
0 0.368750 0.779687 0.050000 0.065625
0 0.143750 0.781250 0.034375 0.040625
0 0.367188 0.431250 0.043750 0.065625
0 0.108594 0.653125 0.064062 0.096875
0 0.108594 0.870313 0.057813 0.090625
0 0.049219 0.336719 0.098437 0.117188
0 0.261719 0.765625 0.060937 0.084375
0 0.710938 0.698438 0.059375 0.068750
0 0.765625 0.181250 0.137500 0.134375
0 0.418750 0.209375 0.096875 0.128125
