0 0.621094 0.858594 0.035937 0.032813
0 0.096875 0.542188 0.065625 0.056250
0 0.371094 0.827344 0.039062 0.032813
0 0.437500 0.986719 0.078125 0.026562
0 0.105469 0.490625 0.045312 0.040625
0 0.046094 0.367969 0.060937 0.048438
0 0.783594 0.767969 0.054688 0.057813
0 0.011719 0.552344 0.023438 0.060937
0 0.246094 0.823438 0.064062 0.062500
0 0.921094 0.464844 0.048438 0.054688
0 0.565625 0.335938 0.040625 0.034375
0 0.637500 0.808594 0.053125 0.067187
0 0.568750 0.211719 0.050000 0.045312
0 0.096094 0.989844 0.039062 0.020313
0 0.343750 0.771094 0.040625 0.039062
0 0.764844 0.611719 0.067187 0.054688
0 0.310937 0.389844 0.071875 0.085938
0 0.091406 0.041406 0.051562 0.045312
0 0.038281 0.054688 0.039062 0.043750
0 0.371875 0.265625 0.081250 0.075000
0 0.196875 0.471094 0.043750 0.048438
0 0.623437 0.564063 0.071875 0.068750
0 0.849219 0.095312 0.085938 0.068750
0 0.752344 0.409375 0.042188 0.050000
0 0.886719 0.706250 0.067187 0.056250
0 0.503125 0.655469 0.040625 0.042188
0 0.850000 0.360938 0.084375 0.087500
0 0.356250 0.911719 0.068750 0.048438
0 0.025000 0.111719 0.050000 0.070312
0 0.893750 0.979688 0.090625 0.040625
0 0.817187 0.171094 0.053125 0.098437
0 0.033594 0.192969 0.042188 0.039062
0 0.940625 0.656250 0.046875 0.059375
0 0.953125 0.732812 0.037500 0.040625
0 0.453125 0.317969 0.071875 0.064062
0 0.964844 0.521094 0.067187 0.067187
0 0.262500 0.659375 0.053125 0.065625
0 0.974219 0.943750 0.051562 0.065625
0 0.642969 0.665625 0.054688 0.050000
0 0.155469 0.614844 0.054688 0.054688
0 0.683594 0.968750 0.076563 0.059375
0 0.075000 0.692969 0.065625 0.051562
0 0.909375 0.584375 0.068750 0.087500
