0 0.815625 0.107813 0.046875 0.050000
0 0.799219 0.643750 0.042188 0.040625
0 0.574219 0.811719 0.048438 0.039062
0 0.162500 0.311719 0.050000 0.054688
0 0.525000 0.355469 0.031250 0.032813
0 0.846094 0.986719 0.029687 0.026562
0 0.075781 0.464062 0.045312 0.043750
0 0.714844 0.283594 0.039062 0.039062
0 0.371094 0.227344 0.051562 0.045312
0 0.983594 0.646094 0.032813 0.042188
0 0.071094 0.514844 0.060937 0.045312
0 0.899219 0.980469 0.048438 0.035937
0 0.768750 0.783594 0.050000 0.045312
0 0.680469 0.014063 0.089063 0.028125
0 0.586719 0.053125 0.064062 0.037500
0 0.611719 0.852344 0.057813 0.048438
0 0.518750 0.724219 0.034375 0.032813
0 0.842969 0.714844 0.089063 0.089063
0 0.987500 0.389844 0.025000 0.079687
0 0.573438 0.246094 0.043750 0.042188
0 0.146875 0.796094 0.046875 0.045312
0 0.181250 0.543750 0.084375 0.093750
0 0.889062 0.023438 0.078125 0.046875
0 0.667188 0.434375 0.056250 0.043750
0 0.400000 0.711719 0.059375 0.051562
0 0.846094 0.440625 0.048438 0.053125
0 0.833594 0.393750 0.039062 0.050000
0 0.627344 0.402344 0.035937 0.035937
0 0.439844 0.346094 0.048438 0.051562
0 0.358594 0.117969 0.045312 0.035937
0 0.709375 0.478125 0.062500 0.053125
0 0.936719 0.602344 0.039062 0.051562
0 0.080469 0.034375 0.070312 0.068750
0 0.690625 0.061719 0.075000 0.064062
0 0.049219 0.668750 0.042188 0.043750
0 0.635938 0.975000 0.078125 0.046875
0 0.656250 0.699219 0.071875 0.064062
0 0.021875 0.567969 0.043750 0.067187
0 0.450000 0.684375 0.043750 0.056250
0 0.883594 0.878125 0.051562 0.053125
0 0.456250 0.465625 0.046875 0.046875
0 0.617188 0.746094 0.056250 0.057813
0 0.409375 0.934375 0.087500 0.109375
0 0.758594 0.274219 0.048438 0.045312
0 0.378125 0.302344 0.046875 0.045312
0 0.232031 0.930469 0.076563 0.064062
0 0.333594 0.558594 0.045312 0.057813
0 0.717969 0.964844 0.073438 0.064062
0 0.870313 0.586719 0.056250 0.045312
0 0.714063 0.630469 0.062500 0.085938
0 0.667969 0.833594 0.057813 0.057813
0 0.458594 0.405469 0.060937 0.060937
0 0.787500 0.917188 0.071875 0.071875
0 0.509375 0.455469 0.046875 0.039062
0 0.764844 0.396875 0.060937 0.065625
0 0.971875 0.534375 0.056250 0.071875
0 0.307812 0.961719 0.078125 0.073438
0 0.293750 0.711719 0.100000 0.085938
