0 0.421094 0.007812 0.054688 0.015625
0 0.812500 0.630469 0.056250 0.039062
0 0.908594 0.014063 0.051562 0.028125
0 0.584375 0.767969 0.031250 0.029687
0 0.682813 0.967969 0.040625 0.039062
0 0.342969 0.936719 0.039062 0.042188
0 0.253125 0.746094 0.046875 0.035937
0 0.980469 0.479687 0.035937 0.068750
0 0.655469 0.773438 0.082812 0.040625
0 0.140625 0.796094 0.031250 0.032813
0 0.920312 0.921094 0.037500 0.032813
0 0.210938 0.289844 0.040625 0.042188
0 0.333594 0.887500 0.057813 0.059375
0 0.117969 0.304688 0.079687 0.059375
0 0.815625 0.239844 0.040625 0.035937
0 0.384375 0.906250 0.040625 0.037500
0 0.899219 0.679688 0.045312 0.040625
0 0.779687 0.987500 0.050000 0.025000
0 0.846094 0.890625 0.039062 0.031250
0 0.300000 0.014063 0.059375 0.028125
0 0.014063 0.811719 0.028125 0.089063
0 0.492969 0.401562 0.045312 0.043750
0 0.533594 0.421094 0.042188 0.045312
0 0.839063 0.158594 0.037500 0.042188
0 0.292969 0.940625 0.039062 0.050000
0 0.378125 0.986719 0.059375 0.026562
0 0.523438 0.196094 0.075000 0.064062
0 0.327344 0.800000 0.070312 0.062500
0 0.217969 0.684375 0.032813 0.037500
0 0.855469 0.212500 0.035937 0.034375
0 0.712500 0.014063 0.046875 0.028125
0 0.817969 0.852344 0.054688 0.051562
0 0.784375 0.456250 0.053125 0.053125
0 0.635938 0.025000 0.084375 0.050000
0 0.789844 0.293750 0.064062 0.059375
0 0.714844 0.228125 0.045312 0.056250
0 0.833594 0.471094 0.054688 0.067187
0 0.474219 0.670312 0.045312 0.037500
0 0.171094 0.870313 0.054688 0.050000
0 0.760938 0.521875 0.075000 0.056250
0 0.056250 0.759375 0.050000 0.056250
0 0.789844 0.042969 0.082812 0.064062
0 0.662500 0.148438 0.046875 0.053125
