0 0.389844 0.804688 0.029687 0.034375
0 0.733594 0.311719 0.051562 0.045312
0 0.181250 0.173437 0.046875 0.040625
0 0.489844 0.917969 0.048438 0.045312
0 0.774219 0.271094 0.045312 0.039062
0 0.986719 0.515625 0.026562 0.050000
0 0.682813 0.846875 0.040625 0.059375
0 0.150000 0.967969 0.040625 0.051562
0 0.021094 0.953125 0.042188 0.056250
0 0.432812 0.046875 0.034375 0.034375
0 0.617969 0.474219 0.035937 0.042188
0 0.558594 0.239063 0.076563 0.065625
0 0.370312 0.477344 0.053125 0.048438
0 0.442969 0.771875 0.045312 0.053125
0 0.271094 0.596094 0.048438 0.054688
0 0.296875 0.545312 0.084375 0.100000
0 0.381250 0.758594 0.056250 0.067187
0 0.931250 0.559375 0.078125 0.096875
0 0.097656 0.783594 0.070312 0.082812
0 0.902344 0.767969 0.054688 0.051562
0 0.649219 0.243750 0.060937 0.068750
0 0.861719 0.367969 0.048438 0.076563
0 0.371094 0.034375 0.070312 0.068750
0 0.485938 0.531250 0.059375 0.053125
0 0.121875 0.302344 0.131250 0.123438
0 0.546094 0.940625 0.051562 0.053125
0 0.561719 0.502344 0.079687 0.089063
0 0.358594 0.553125 0.045312 0.062500
0 0.417187 0.537500 0.053125 0.043750
0 0.687500 0.633594 0.046875 0.092188
0 0.908594 0.696875 0.064062 0.071875
0 0.671094 0.439844 0.067187 0.057813
0 0.090625 0.950000 0.056250 0.059375
0 0.284375 0.183594 0.062500 0.048438
0 0.774219 0.021875 0.064062 0.043750
0 0.202344 0.542969 0.070312 0.070312
0 0.465625 0.346875 0.084375 0.065625
0 0.943750 0.355469 0.071875 0.073438
0 0.370312 0.956250 0.040625 0.053125
0 0.539844 0.421875 0.070312 0.053125
0 0.633594 0.628125 0.054688 0.059375
0 0.089063 0.493750 0.103125 0.103125
0 0.064844 0.583594 0.067187 0.070312
0 0.627344 0.118750 0.079687 0.090625
0 0.646875 0.383594 0.050000 0.060937
0 0.470313 0.074219 0.043750 0.048438
0 0.942969 0.231250 0.085938 0.075000
0 0.764844 0.636719 0.095312 0.114062
0 0.935937 0.150781 0.059375 0.054688
