0 0.186719 0.081250 0.039062 0.040625
0 0.940625 0.742969 0.068750 0.085938
0 0.143750 0.009375 0.040625 0.018750
0 0.065625 0.108594 0.040625 0.060937
0 0.158594 0.271094 0.042188 0.048438
0 0.017188 0.581250 0.034375 0.053125
0 0.250000 0.640625 0.043750 0.031250
0 0.063281 0.990625 0.039062 0.018750
0 0.214844 0.242969 0.070312 0.079687
0 0.849219 0.097656 0.098437 0.064062
0 0.231250 0.037500 0.037500 0.037500
0 0.289844 0.953125 0.054688 0.040625
0 0.242969 0.975000 0.035937 0.050000
0 0.646094 0.983594 0.048438 0.032813
0 0.775000 0.786719 0.046875 0.057813
0 0.767969 0.724219 0.045312 0.054688
0 0.026562 0.667969 0.053125 0.089063
0 0.023438 0.752344 0.046875 0.054688
0 0.961719 0.889062 0.070312 0.100000
0 0.082812 0.492969 0.050000 0.051562
0 0.053125 0.343750 0.046875 0.050000
0 0.081250 0.799219 0.053125 0.067187
0 0.517969 0.815625 0.045312 0.071875
0 0.496875 0.380469 0.046875 0.048438
0 0.555469 0.653125 0.079687 0.071875
0 0.592187 0.564844 0.106250 0.107813
0 0.030469 0.032813 0.060937 0.065625
0 0.446875 0.114844 0.037500 0.057813
0 0.496875 0.073438 0.071875 0.075000
0 0.356250 0.767969 0.050000 0.067187
0 0.405469 0.139844 0.042188 0.076563
0 0.609375 0.249219 0.078125 0.082812
0 0.696094 0.439844 0.051562 0.079687
0 0.121875 0.671875 0.131250 0.162500
0 0.468750 0.211719 0.059375 0.067187
0 0.325000 0.136719 0.068750 0.079687
0 0.410938 0.767188 0.043750 0.040625
