0 0.085938 0.189844 0.059375 0.042188
0 0.780469 0.823438 0.032813 0.043750
0 0.401562 0.126562 0.056250 0.046875
0 0.487500 0.417969 0.050000 0.060937
0 0.487500 0.699219 0.043750 0.039062
0 0.433594 0.867188 0.039062 0.034375
0 0.308594 0.317969 0.035937 0.039062
0 0.142187 0.418750 0.084375 0.046875
0 0.034375 0.253125 0.053125 0.050000
0 0.237500 0.743750 0.053125 0.043750
0 0.215625 0.091406 0.056250 0.060937
0 0.139844 0.010937 0.070312 0.021875
0 0.489844 0.514844 0.076563 0.051562
0 0.773438 0.157812 0.068750 0.050000
0 0.887500 0.352344 0.053125 0.070312
0 0.450000 0.078906 0.050000 0.054688
0 0.496094 0.795312 0.076563 0.056250
0 0.511719 0.843750 0.048438 0.040625
0 0.728125 0.929688 0.043750 0.046875
0 0.459375 0.596094 0.062500 0.060937
0 0.032813 0.042969 0.062500 0.079687
0 0.571094 0.792969 0.048438 0.073438
0 0.971875 0.034375 0.050000 0.053125
0 0.607812 0.114062 0.050000 0.050000
0 0.009375 0.946094 0.018750 0.076563
0 0.258594 0.252344 0.073438 0.079687
0 0.353125 0.321875 0.050000 0.053125
0 0.771094 0.554688 0.070312 0.081250
0 0.015625 0.518750 0.031250 0.065625
0 0.262500 0.805469 0.087500 0.064062
0 0.561719 0.153125 0.048438 0.050000
0 0.809375 0.465625 0.065625 0.081250
0 0.536719 0.981250 0.076563 0.037500
0 0.134375 0.859375 0.062500 0.065625
0 0.967187 0.418750 0.050000 0.046875
0 0.828125 0.246094 0.084375 0.098437
0 0.678125 0.193750 0.090625 0.084375
0 0.631250 0.774219 0.059375 0.054688
0 0.403125 0.975000 0.053125 0.046875
0 0.550000 0.032813 0.046875 0.043750
0 0.639062 0.486719 0.053125 0.054688
0 0.574219 0.403125 0.085938 0.084375
0 0.933594 0.171094 0.045312 0.048438
0 0.214844 0.952344 0.057813 0.057813
0 0.442969 0.712500 0.045312 0.059375
0 0.536719 0.311719 0.089063 0.095312
0 0.580469 0.471875 0.045312 0.046875
0 0.877344 0.571875 0.085938 0.103125
