0 0.231250 0.176563 0.034375 0.046875
0 0.983594 0.537500 0.029687 0.050000
0 0.674219 0.259375 0.045312 0.059375
0 0.353125 0.205469 0.053125 0.042188
0 0.107813 0.986719 0.053125 0.026562
0 0.511719 0.096875 0.039062 0.050000
0 0.171094 0.821094 0.039062 0.045312
0 0.805469 0.053125 0.039062 0.037500
0 0.102344 0.612500 0.070312 0.071875
0 0.072656 0.099219 0.051562 0.064062
0 0.361719 0.490625 0.042188 0.046875
0 0.013281 0.527344 0.026562 0.079687
0 0.409375 0.505469 0.043750 0.051562
0 0.143750 0.300000 0.062500 0.046875
0 0.546094 0.027344 0.060937 0.054688
0 0.958594 0.742188 0.048438 0.040625
0 0.930469 0.402344 0.045312 0.045312
0 0.483594 0.202344 0.079687 0.064062
0 0.059375 0.371875 0.100000 0.090625
0 0.343750 0.123438 0.056250 0.062500
0 0.362500 0.299219 0.046875 0.045312
0 0.100000 0.204687 0.053125 0.062500
0 0.217969 0.355469 0.039062 0.039062
0 0.401562 0.017188 0.043750 0.034375
0 0.867188 0.748437 0.075000 0.059375
0 0.157812 0.636719 0.059375 0.070312
0 0.290625 0.087500 0.059375 0.062500
0 0.246875 0.529687 0.053125 0.059375
