0 0.109375 0.087500 0.059375 0.053125
0 0.246875 0.986719 0.068750 0.026562
0 0.921094 0.921094 0.064062 0.042188
0 0.971094 0.868750 0.042188 0.037500
0 0.658594 0.764062 0.048438 0.040625
0 0.143750 0.873437 0.053125 0.050000
0 0.282813 0.503125 0.028125 0.028125
0 0.935937 0.030469 0.031250 0.029687
0 0.617969 0.293750 0.057813 0.056250
0 0.177344 0.217969 0.064062 0.042188
0 0.871875 0.984375 0.068750 0.031250
0 0.014063 0.506250 0.028125 0.062500
0 0.470313 0.398438 0.046875 0.056250
0 0.189844 0.940625 0.064062 0.071875
0 0.708594 0.224219 0.067187 0.079687
0 0.519531 0.212500 0.073438 0.081250
