0 0.018750 0.880469 0.037500 0.082812
0 0.400000 0.192188 0.031250 0.037500
0 0.784375 0.706250 0.031250 0.040625
0 0.574219 0.828125 0.073438 0.093750
0 0.177344 0.243750 0.048438 0.053125
0 0.378125 0.937500 0.062500 0.071875
0 0.255469 0.078906 0.048438 0.070312
0 0.378125 0.414844 0.040625 0.039062
0 0.625000 0.750781 0.075000 0.076563
0 0.824219 0.925000 0.039062 0.037500
0 0.864844 0.037500 0.079687 0.075000
0 0.880469 0.779687 0.035937 0.034375
0 0.220312 0.678125 0.068750 0.059375
0 0.892969 0.367188 0.085938 0.090625
0 0.503125 0.446094 0.037500 0.039062
0 0.710938 0.614844 0.056250 0.060937
0 0.636719 0.656250 0.082812 0.103125
0 0.817187 0.425781 0.081250 0.082812
0 0.625000 0.418750 0.090625 0.084375
0 0.742969 0.509375 0.098437 0.109375
