0 0.640625 0.121094 0.050000 0.039062
0 0.018750 0.114844 0.037500 0.073438
0 0.430469 0.573438 0.057813 0.059375
0 0.296094 0.550000 0.051562 0.043750
0 0.689844 0.268750 0.035937 0.037500
0 0.881250 0.018750 0.040625 0.037500
0 0.886719 0.296094 0.073438 0.107813
0 0.823438 0.164844 0.037500 0.039062
0 0.955469 0.967969 0.089063 0.064062
0 0.278125 0.262500 0.056250 0.078125
0 0.459375 0.981250 0.065625 0.037500
0 0.446094 0.330469 0.042188 0.054688
0 0.380469 0.178125 0.067187 0.062500
0 0.192969 0.296094 0.060937 0.076563
0 0.620313 0.016406 0.071875 0.032813
0 0.256250 0.377344 0.065625 0.070312
0 0.474219 0.909375 0.054688 0.053125
0 0.575000 0.063281 0.071875 0.098437
0 0.674219 0.634375 0.045312 0.050000
0 0.905469 0.542188 0.073438 0.078125
