0 0.580469 0.946875 0.048438 0.040625
0 0.958594 0.578125 0.067187 0.056250
0 0.489844 0.477344 0.045312 0.045312
0 0.373437 0.055469 0.103125 0.107813
0 0.758594 0.825000 0.064062 0.062500
0 0.581250 0.810156 0.050000 0.079687
0 0.503125 0.802344 0.103125 0.101562
0 0.492188 0.168750 0.090625 0.065625
0 0.956250 0.677344 0.046875 0.054688
0 0.936719 0.818750 0.098437 0.071875
0 0.447656 0.525781 0.067187 0.073438
0 0.961719 0.211719 0.076563 0.076563
0 0.683594 0.737500 0.098437 0.093750
0 0.815625 0.424219 0.084375 0.092188
