0 0.581250 0.184375 0.050000 0.040625
0 0.309375 0.664844 0.071875 0.079687
0 0.990625 0.742969 0.018750 0.048438
0 0.150000 0.646094 0.053125 0.045312
0 0.795312 0.532813 0.137500 0.109375
0 0.515625 0.053125 0.075000 0.084375
0 0.067187 0.917969 0.084375 0.095312
0 0.680469 0.014063 0.076563 0.028125
0 0.580469 0.049219 0.051562 0.064062
0 0.121875 0.730469 0.062500 0.054688
0 0.015625 0.968750 0.031250 0.059375
0 0.592969 0.268750 0.076563 0.068750
0 0.756250 0.062500 0.062500 0.062500
0 0.955469 0.414844 0.073438 0.098437
0 0.760938 0.342969 0.103125 0.114062
0 0.376563 0.752344 0.062500 0.070312
0 0.439844 0.912500 0.076563 0.084375
0 0.937500 0.056250 0.100000 0.075000
