0 0.108594 0.091406 0.048438 0.064062
0 0.367188 0.589063 0.059375 0.040625
0 0.432812 0.403125 0.046875 0.037500
0 0.382812 0.944531 0.056250 0.029687
0 0.287500 0.200000 0.059375 0.040625
0 0.085938 0.196875 0.050000 0.043750
0 0.208594 0.293750 0.057813 0.050000
0 0.503125 0.971094 0.065625 0.045312
0 0.084375 0.667969 0.046875 0.032813
0 0.125000 0.768750 0.053125 0.046875
0 0.260937 0.554688 0.046875 0.043750
0 0.212500 0.057813 0.037500 0.037500
0 0.912500 0.977344 0.046875 0.042188
0 0.105469 0.974219 0.098437 0.048438
0 0.271094 0.887500 0.060937 0.043750
0 0.555469 0.712500 0.057813 0.046875
0 0.252344 0.502344 0.070312 0.057813
0 0.962500 0.731250 0.043750 0.050000
0 0.639062 0.421094 0.071875 0.060937
0 0.374219 0.212500 0.060937 0.053125
0 0.718750 0.525000 0.078125 0.062500
0 0.617188 0.928125 0.084375 0.056250
0 0.327344 0.686719 0.067187 0.064062
0 0.362500 0.896094 0.096875 0.082812
0 0.173437 0.687500 0.075000 0.078125
0 0.524219 0.914844 0.082812 0.064062
0 0.030469 0.656250 0.060937 0.078125
