0 0.668750 0.693750 0.075000 0.046875
0 0.755469 0.756250 0.051562 0.046875
0 0.902344 0.609375 0.051562 0.037500
0 0.896094 0.665625 0.048438 0.034375
0 0.898438 0.987500 0.093750 0.025000
0 0.767969 0.221094 0.064062 0.039062
0 0.308594 0.986719 0.070312 0.026562
0 0.208594 0.029687 0.067187 0.050000
0 0.204687 0.549219 0.065625 0.048438
0 0.967187 0.593750 0.059375 0.050000
0 0.105469 0.013281 0.104688 0.026562
0 0.846094 0.309375 0.051562 0.043750
0 0.930469 0.358594 0.039062 0.032813
0 0.930469 0.421875 0.060937 0.043750
0 0.802344 0.964063 0.042188 0.034375
0 0.724219 0.105469 0.057813 0.051562
0 0.729688 0.265625 0.046875 0.034375
