0 0.934375 0.009375 0.043750 0.018750
0 0.537500 0.028125 0.062500 0.034375
0 0.146094 0.465625 0.067187 0.050000
0 0.950000 0.589844 0.075000 0.051562
0 0.134375 0.556250 0.065625 0.062500
0 0.968750 0.346094 0.062500 0.054688
0 0.355469 0.561719 0.073438 0.057813
0 0.902344 0.050000 0.035937 0.034375
0 0.371875 0.777344 0.046875 0.039062
0 0.661719 0.521094 0.067187 0.048438
0 0.758594 0.755469 0.067187 0.054688
0 0.479687 0.914844 0.087500 0.045312
0 0.706250 0.305469 0.121875 0.076563
0 0.875000 0.765625 0.087500 0.059375
0 0.514844 0.478125 0.060937 0.046875
0 0.392188 0.477344 0.100000 0.057813
0 0.602344 0.564844 0.073438 0.057813
0 0.686719 0.984375 0.051562 0.028125
0 0.949219 0.671875 0.095312 0.068750
0 0.287500 0.671875 0.075000 0.059375
