0 0.684375 0.010937 0.046875 0.021875
0 0.949219 0.092188 0.042188 0.034375
0 0.956250 0.434375 0.071875 0.050000
0 0.978906 0.845313 0.045312 0.046875
0 0.765625 0.136719 0.056250 0.064062
0 0.902344 0.184375 0.054688 0.040625
0 0.654687 0.655469 0.062500 0.070312
0 0.124219 0.855469 0.076563 0.070312
0 0.934375 0.031250 0.062500 0.050000
0 0.678125 0.054688 0.068750 0.053125
0 0.918750 0.485938 0.062500 0.037500
0 0.850000 0.649219 0.100000 0.073438
0 0.505469 0.692969 0.067187 0.064062
0 0.921875 0.831250 0.065625 0.071875
0 0.971875 0.780469 0.056250 0.089063
0 0.030469 0.975000 0.054688 0.046875
0 0.715625 0.878125 0.118750 0.103125
0 0.856250 0.114844 0.128125 0.098437
0 0.258594 0.526563 0.064062 0.046875
0 0.635938 0.432812 0.053125 0.040625
0 0.714844 0.446875 0.060937 0.053125
