0 0.630469 0.067187 0.054688 0.059375
0 0.818750 0.986719 0.106250 0.023438
0 0.552344 0.066406 0.042188 0.032813
0 0.475000 0.843750 0.087500 0.071875
0 0.127344 0.967187 0.089063 0.062500
0 0.009375 0.056250 0.018750 0.031250
0 0.804688 0.671875 0.121875 0.100000
0 0.249219 0.328125 0.064062 0.062500
0 0.009375 0.214844 0.018750 0.067187
0 0.712500 0.489844 0.056250 0.042188
0 0.661719 0.196094 0.095312 0.067187
0 0.465625 0.759375 0.043750 0.040625
0 0.505469 0.343750 0.048438 0.046875
0 0.340625 0.074219 0.046875 0.035937
0 0.345313 0.620313 0.062500 0.043750
0 0.593750 0.502344 0.068750 0.051562
0 0.350000 0.139844 0.062500 0.057813
0 0.967969 0.965625 0.060937 0.068750
0 0.934375 0.609375 0.131250 0.118750
0 0.164844 0.471094 0.076563 0.054688
0 0.484375 0.289844 0.075000 0.067187
0 0.360938 0.271875 0.106250 0.078125
0 0.643750 0.581250 0.071875 0.090625
0 0.193750 0.399219 0.065625 0.054688
0 0.605469 0.121094 0.076563 0.067187
0 0.715625 0.346875 0.084375 0.062500
0 0.805469 0.271094 0.089063 0.070312
