0 0.481250 0.089063 0.078125 0.071875
0 0.095312 0.299219 0.065625 0.095312
0 0.009375 0.440625 0.018750 0.040625
0 0.983594 0.892969 0.032813 0.064062
0 0.196094 0.496875 0.082812 0.068750
0 0.139844 0.984375 0.079687 0.028125
0 0.462500 0.008594 0.046875 0.017188
0 0.329688 0.967187 0.037500 0.034375
0 0.486719 0.967187 0.060937 0.056250
0 0.033594 0.526563 0.067187 0.065625
0 0.071094 0.491406 0.064062 0.054688
0 0.536719 0.349219 0.085938 0.060937
0 0.172656 0.289062 0.085938 0.090625
0 0.131250 0.899219 0.059375 0.060937
0 0.361719 0.868750 0.098437 0.071875
0 0.022656 0.750000 0.045312 0.050000
0 0.389844 0.446094 0.110937 0.110937
0 0.200000 0.739844 0.075000 0.085938
0 0.964844 0.225000 0.060937 0.109375
0 0.796094 0.256250 0.067187 0.059375
0 0.631250 0.615625 0.090625 0.109375
0 0.033594 0.690625 0.067187 0.075000
0 0.117969 0.781250 0.082812 0.075000
