0 0.221094 0.989844 0.060937 0.020313
0 0.974219 0.736719 0.051562 0.039062
0 0.236719 0.664844 0.048438 0.039062
0 0.023438 0.689844 0.046875 0.039062
0 0.094531 0.760938 0.051562 0.043750
0 0.242969 0.609375 0.051562 0.037500
0 0.514062 0.971094 0.056250 0.054688
0 0.275000 0.983594 0.046875 0.029687
0 0.111719 0.221094 0.070312 0.039062
0 0.259375 0.189844 0.065625 0.064062
0 0.486719 0.084375 0.048438 0.040625
0 0.309375 0.596094 0.062500 0.048438
0 0.271875 0.356250 0.037500 0.028125
0 0.184375 0.308594 0.053125 0.042188
0 0.961719 0.430469 0.067187 0.064062
0 0.639062 0.183594 0.053125 0.039062
0 0.643750 0.118750 0.071875 0.056250
0 0.267969 0.424219 0.070312 0.045312
0 0.142969 0.964063 0.042188 0.037500
0 0.071875 0.265625 0.046875 0.034375
0 0.068750 0.106250 0.056250 0.050000
