0 0.948438 0.730469 0.062500 0.048438
0 0.287500 0.592187 0.075000 0.050000
0 0.334375 0.340625 0.090625 0.043750
0 0.432812 0.817969 0.075000 0.039062
0 0.446094 0.984375 0.079687 0.028125
0 0.390625 0.490625 0.065625 0.046875
0 0.102344 0.752344 0.070312 0.051562
0 0.053906 0.304688 0.107813 0.078125
0 0.242969 0.046094 0.039062 0.032813
0 0.933594 0.514844 0.082812 0.048438
0 0.568750 0.178125 0.081250 0.056250
0 0.481250 0.517969 0.100000 0.060937
0 0.703125 0.371875 0.059375 0.037500
0 0.217969 0.767969 0.085938 0.060937
0 0.718750 0.465625 0.103125 0.106250
0 0.029687 0.986719 0.050000 0.026562
0 0.415625 0.300000 0.078125 0.043750
0 0.842187 0.562500 0.075000 0.075000
0 0.946094 0.168750 0.098437 0.084375
0 0.440625 0.221094 0.109375 0.054688
0 0.299219 0.671094 0.110937 0.064062
0 0.562500 0.536719 0.062500 0.060937
0 0.661719 0.712500 0.092188 0.056250
0 0.832031 0.448437 0.101562 0.071875
