0 0.456250 0.774219 0.059375 0.054688
0 0.290625 0.091406 0.050000 0.032813
0 0.889844 0.536719 0.051562 0.042188
0 0.300000 0.434375 0.075000 0.043750
0 0.734375 0.046094 0.040625 0.032813
0 0.028906 0.010937 0.045312 0.021875
0 0.242188 0.186719 0.056250 0.042188
0 0.553125 0.075781 0.050000 0.039062
0 0.708594 0.893750 0.054688 0.040625
0 0.107813 0.134375 0.062500 0.062500
0 0.830469 0.534375 0.051562 0.046875
0 0.477344 0.537500 0.051562 0.037500
0 0.362500 0.508594 0.053125 0.045312
0 0.449219 0.023438 0.085938 0.046875
0 0.777344 0.730469 0.054688 0.095312
0 0.275000 0.028906 0.059375 0.051562
0 0.933594 0.080469 0.089063 0.054688
0 0.027344 0.057031 0.054688 0.054688
0 0.280469 0.834375 0.104688 0.075000
0 0.437500 0.453125 0.065625 0.050000
0 0.818750 0.856250 0.050000 0.043750
0 0.258594 0.487500 0.060937 0.037500
0 0.542969 0.736719 0.057813 0.042188
0 0.909375 0.364844 0.046875 0.045312
0 0.192969 0.648438 0.098437 0.075000
0 0.786719 0.271094 0.060937 0.039062
0 0.200000 0.109375 0.115625 0.090625
0 0.060937 0.875000 0.109375 0.109375
0 0.341406 0.768750 0.101562 0.071875
0 0.586719 0.687500 0.051562 0.046875
0 0.465625 0.917969 0.090625 0.076563
0 0.053125 0.448437 0.065625 0.053125
