0 0.980469 0.442969 0.039062 0.045312
0 0.890625 0.652344 0.053125 0.045312
0 0.721875 0.014063 0.056250 0.028125
0 0.784375 0.592969 0.053125 0.039062
0 0.145313 0.671875 0.121875 0.109375
0 0.925000 0.405469 0.081250 0.051562
0 0.379688 0.578125 0.075000 0.078125
0 0.011719 0.592969 0.023438 0.095312
0 0.850000 0.584375 0.078125 0.056250
0 0.861719 0.040625 0.073438 0.050000
0 0.054688 0.489844 0.053125 0.042188
0 0.365625 0.234375 0.040625 0.043750
0 0.346094 0.967187 0.126562 0.065625
0 0.280469 0.611719 0.132812 0.101562
0 0.025000 0.192188 0.050000 0.081250
0 0.056250 0.346875 0.084375 0.062500
0 0.146094 0.267969 0.092188 0.067187
0 0.925000 0.268750 0.131250 0.128125
