0 0.458594 0.200000 0.123438 0.087500
0 0.871094 0.862500 0.057813 0.046875
0 0.215625 0.802344 0.043750 0.048438
0 0.671875 0.539844 0.103125 0.073438
0 0.933594 0.425000 0.123438 0.065625
0 0.031250 0.393750 0.062500 0.071875
0 0.321094 0.086719 0.064062 0.057813
0 0.260937 0.983594 0.056250 0.032813
0 0.258594 0.492969 0.076563 0.057813
0 0.765625 0.818750 0.071875 0.046875
0 0.131250 0.014063 0.087500 0.025000
0 0.734375 0.014063 0.071875 0.028125
0 0.958594 0.543750 0.082812 0.068750
0 0.530469 0.977344 0.095312 0.045312
0 0.421094 0.271094 0.051562 0.035937
0 0.596875 0.931250 0.103125 0.075000
0 0.385937 0.196094 0.078125 0.048438
0 0.653125 0.746094 0.125000 0.076563
0 0.940625 0.026562 0.078125 0.053125
0 0.852344 0.628125 0.107813 0.071875
0 0.317969 0.834375 0.092188 0.084375
0 0.015625 0.599219 0.031250 0.067187
0 0.137500 0.321094 0.081250 0.070312
0 0.471094 0.331250 0.073438 0.050000
0 0.865625 0.015625 0.062500 0.031250
0 0.712500 0.836719 0.109375 0.073438
0 0.508594 0.687500 0.060937 0.040625
0 0.418750 0.737500 0.118750 0.075000
0 0.200000 0.912500 0.081250 0.062500
0 0.109375 0.824219 0.096875 0.054688
0 0.106250 0.883594 0.084375 0.045312
0 0.308594 0.652344 0.073438 0.064062
0 0.814844 0.108594 0.107813 0.079687
0 0.584375 0.646875 0.128125 0.096875
0 0.880469 0.208594 0.095312 0.095312
0 0.290625 0.387500 0.115625 0.100000
0 0.942969 0.796094 0.098437 0.073438
0 0.203125 0.253125 0.109375 0.090625
0 0.428125 0.486719 0.100000 0.076563
0 0.515625 0.108594 0.134375 0.098437
0 0.956250 0.298438 0.081250 0.075000
0 0.289844 0.711719 0.098437 0.057813
0 0.559375 0.449219 0.118750 0.095312
