0 0.961719 0.983594 0.064062 0.032813
0 0.833594 0.989844 0.060937 0.020313
0 0.596094 0.871094 0.054688 0.051562
0 0.855469 0.793750 0.070312 0.053125
0 0.734375 0.979688 0.078125 0.037500
0 0.750000 0.239063 0.090625 0.078125
0 0.625000 0.492188 0.087500 0.071875
0 0.756250 0.883594 0.059375 0.035937
0 0.643750 0.982812 0.115625 0.034375
0 0.746875 0.489844 0.125000 0.076563
0 0.821875 0.940625 0.096875 0.081250
0 0.645312 0.839063 0.115625 0.053125
0 0.914062 0.965625 0.090625 0.053125
0 0.064062 0.562500 0.084375 0.046875
0 0.748437 0.833594 0.096875 0.060937
0 0.924219 0.900000 0.076563 0.065625
0 0.740625 0.134375 0.103125 0.062500
