0 0.223438 0.615625 0.068750 0.068750
0 0.278125 0.417187 0.062500 0.065625
0 0.584375 0.392969 0.068750 0.045312
0 0.662500 0.050000 0.056250 0.050000
0 0.627344 0.064062 0.042188 0.040625
0 0.477344 0.977344 0.054688 0.042188
0 0.218750 0.186719 0.053125 0.057813
0 0.021875 0.928125 0.043750 0.065625
0 0.039062 0.980469 0.078125 0.035937
0 0.418750 0.327344 0.100000 0.064062
0 0.346875 0.045312 0.078125 0.078125
0 0.396094 0.225000 0.051562 0.050000
0 0.955469 0.982812 0.089063 0.034375
0 0.217969 0.887500 0.048438 0.040625
0 0.196094 0.051562 0.064062 0.043750
0 0.705469 0.028906 0.060937 0.051562
0 0.440625 0.406250 0.084375 0.068750
0 0.975000 0.455469 0.046875 0.073438
0 0.517969 0.939844 0.042188 0.039062
0 0.129688 0.589844 0.068750 0.079687
0 0.097656 0.767969 0.089063 0.064062
0 0.830469 0.667969 0.076563 0.064062
0 0.440625 0.259375 0.062500 0.059375
0 0.549219 0.454688 0.085938 0.093750
0 0.068750 0.571875 0.071875 0.071875
0 0.883594 0.921094 0.070312 0.064062
0 0.352344 0.800000 0.073438 0.065625
0 0.039062 0.089063 0.078125 0.109375
0 0.292969 0.177344 0.070312 0.060937
0 0.557813 0.062500 0.078125 0.068750
0 0.886719 0.615625 0.095312 0.078125
0 0.607812 0.717969 0.109375 0.098437
0 0.781250 0.912500 0.087500 0.078125
0 0.714844 0.611719 0.110937 0.104688
0 0.433594 0.768750 0.092188 0.078125
0 0.660937 0.360156 0.078125 0.060937
