0 0.939844 0.015625 0.092188 0.031250
0 0.867969 0.927344 0.064062 0.042188
0 0.658594 0.984375 0.060937 0.031250
0 0.599219 0.061719 0.029687 0.026562
0 0.233594 0.808594 0.051562 0.042188
0 0.358594 0.593750 0.048438 0.040625
0 0.580469 0.136719 0.054688 0.039062
0 0.514062 0.067969 0.065625 0.042188
0 0.253125 0.756250 0.071875 0.046875
0 0.471094 0.953125 0.042188 0.031250
0 0.867969 0.118750 0.070312 0.053125
0 0.812500 0.384375 0.046875 0.034375
0 0.092188 0.142969 0.065625 0.048438
0 0.280469 0.909375 0.114062 0.096875
0 0.059375 0.762500 0.096875 0.084375
0 0.760938 0.433594 0.068750 0.073438
0 0.107813 0.058594 0.056250 0.054688
0 0.375000 0.046094 0.043750 0.039062
0 0.930469 0.962500 0.054688 0.062500
0 0.864844 0.961719 0.070312 0.045312
0 0.360938 0.800000 0.078125 0.043750
0 0.282813 0.261719 0.068750 0.039062
0 0.662500 0.143750 0.071875 0.059375
0 0.031250 0.309375 0.062500 0.075000
0 0.965625 0.250000 0.065625 0.056250
0 0.249219 0.643750 0.117188 0.093750
0 0.317969 0.063281 0.089063 0.067187
0 0.378125 0.982812 0.031250 0.034375
