0 0.130469 0.321875 0.045312 0.034375
0 0.355469 0.518750 0.057813 0.034375
0 0.072656 0.407813 0.057813 0.034375
0 0.915625 0.959375 0.031250 0.028125
0 0.974219 0.649219 0.042188 0.029687
0 0.255469 0.920312 0.042188 0.043750
0 0.411719 0.158594 0.042188 0.039062
0 0.915625 0.215625 0.037500 0.028125
0 0.429688 0.243750 0.040625 0.037500
0 0.029687 0.300000 0.056250 0.037500
0 0.010937 0.417187 0.021875 0.037500
0 0.114062 0.395313 0.056250 0.037500
0 0.290625 0.736719 0.040625 0.039062
0 0.018750 0.659375 0.037500 0.053125
0 0.503125 0.823438 0.065625 0.037500
0 0.821875 0.514844 0.043750 0.035937
0 0.758594 0.133594 0.048438 0.035937
0 0.100000 0.933594 0.059375 0.048438
0 0.956250 0.984375 0.046875 0.028125
0 0.752344 0.176563 0.070312 0.043750
0 0.908594 0.028906 0.051562 0.042188
0 0.455469 0.729688 0.039062 0.037500
0 0.562500 0.450000 0.075000 0.084375
0 0.013281 0.577344 0.026562 0.054688
0 0.843750 0.053906 0.075000 0.042188
0 0.503125 0.489844 0.075000 0.064062
0 0.030469 0.346094 0.060937 0.048438
0 0.367969 0.983594 0.076563 0.032813
0 0.271094 0.020313 0.051562 0.040625
0 0.596094 0.975000 0.067187 0.046875
0 0.205469 0.085938 0.070312 0.068750
0 0.273438 0.109375 0.115625 0.103125
0 0.984375 0.114844 0.031250 0.060937
0 0.371875 0.557813 0.090625 0.059375
0 0.239844 0.975000 0.076563 0.050000
0 0.108594 0.687500 0.048438 0.040625
0 0.082031 0.881250 0.098437 0.078125
0 0.246094 0.483594 0.060937 0.054688
0 0.708594 0.608594 0.057813 0.060937
0 0.375000 0.230469 0.065625 0.051562
0 0.287500 0.803125 0.043750 0.037500
0 0.029687 0.159375 0.059375 0.084375
0 0.920312 0.374219 0.071875 0.051562
0 0.293750 0.680469 0.062500 0.060937
0 0.224219 0.699219 0.070312 0.070312
0 0.040625 0.721875 0.078125 0.062500
0 0.517969 0.136719 0.051562 0.051562
0 0.121094 0.981250 0.057813 0.037500
0 0.371094 0.431250 0.098437 0.121875
0 0.462500 0.417969 0.059375 0.057813
0 0.662500 0.156250 0.068750 0.065625
0 0.631250 0.367969 0.090625 0.064062
0 0.171875 0.962500 0.050000 0.043750
0 0.166406 0.050781 0.054688 0.042188
0 0.146875 0.089063 0.050000 0.040625
