0 0.015625 0.449219 0.031250 0.045312
0 0.982812 0.550000 0.031250 0.031250
0 0.130469 0.518750 0.064062 0.065625
0 0.109375 0.082812 0.040625 0.037500
0 0.256250 0.784375 0.056250 0.059375
0 0.183594 0.592187 0.051562 0.046875
0 0.486719 0.554688 0.045312 0.059375
0 0.209375 0.146094 0.053125 0.035937
0 0.533594 0.682813 0.070312 0.065625
0 0.014063 0.249219 0.028125 0.060937
0 0.011719 0.371094 0.023438 0.067187
0 0.587500 0.789844 0.034375 0.035937
0 0.193750 0.979688 0.115625 0.040625
0 0.040625 0.855469 0.050000 0.042188
0 0.043750 0.989844 0.046875 0.020313
0 0.990625 0.949219 0.018750 0.039062
0 0.231250 0.009375 0.062500 0.018750
0 0.371875 0.710938 0.078125 0.084375
0 0.050000 0.230469 0.053125 0.054688
0 0.867969 0.974219 0.035937 0.032813
0 0.739844 0.946094 0.045312 0.048438
0 0.105469 0.230469 0.085938 0.076563
0 0.021875 0.968750 0.043750 0.053125
0 0.427344 0.576562 0.060937 0.046875
0 0.874219 0.045312 0.054688 0.071875
0 0.589063 0.014063 0.053125 0.028125
0 0.360938 0.987500 0.071875 0.025000
0 0.542969 0.525000 0.064062 0.062500
0 0.602344 0.340625 0.045312 0.050000
0 0.492188 0.286719 0.053125 0.039062
0 0.658594 0.082812 0.051562 0.065625
0 0.103125 0.807813 0.093750 0.071875
0 0.402344 0.330469 0.048438 0.067187
0 0.875000 0.464062 0.081250 0.056250
0 0.253125 0.371094 0.059375 0.057813
0 0.303125 0.028125 0.053125 0.056250
0 0.225000 0.440625 0.087500 0.065625
0 0.155469 0.300000 0.070312 0.071875
0 0.118750 0.015625 0.062500 0.031250
0 0.560937 0.265625 0.062500 0.053125
0 0.367969 0.908594 0.060937 0.067187
0 0.583594 0.124219 0.067187 0.057813
0 0.231250 0.186719 0.053125 0.048438
0 0.262500 0.487500 0.078125 0.065625
0 0.674219 0.902344 0.067187 0.064062
0 0.930469 0.603125 0.076563 0.087500
0 0.446094 0.709375 0.048438 0.053125
0 0.743750 0.823438 0.068750 0.065625
0 0.524219 0.403125 0.070312 0.065625
0 0.953125 0.031250 0.071875 0.062500
0 0.361719 0.028125 0.070312 0.053125
0 0.439063 0.912500 0.059375 0.062500
0 0.097656 0.433594 0.082812 0.082812
0 0.621094 0.687500 0.054688 0.062500
0 0.836719 0.396094 0.070312 0.085938
0 0.808594 0.554688 0.085938 0.106250
0 0.042969 0.099219 0.057813 0.064062
0 0.396094 0.467969 0.067187 0.085938
0 0.596875 0.867188 0.050000 0.056250
0 0.186719 0.733594 0.054688 0.045312
0 0.262500 0.871094 0.065625 0.085938
0 0.690625 0.558594 0.093750 0.085938
0 0.768750 0.703125 0.078125 0.081250
