0 0.987500 0.034375 0.025000 0.040625
0 0.380469 0.109375 0.042188 0.034375
0 0.109375 0.467969 0.062500 0.051562
0 0.464062 0.912500 0.078125 0.068750
0 0.335938 0.308594 0.062500 0.045312
0 0.256250 0.028906 0.062500 0.048438
0 0.989844 0.346875 0.020313 0.065625
0 0.480469 0.586719 0.039062 0.032813
0 0.979688 0.921875 0.040625 0.040625
0 0.480469 0.825000 0.057813 0.056250
0 0.843750 0.278125 0.043750 0.040625
0 0.831250 0.977344 0.065625 0.042188
0 0.321094 0.448437 0.051562 0.062500
0 0.990625 0.183594 0.018750 0.042188
0 0.724219 0.659375 0.067187 0.071875
0 0.867969 0.212500 0.035937 0.034375
0 0.714063 0.292969 0.053125 0.051562
0 0.128125 0.403906 0.087500 0.076563
0 0.586719 0.027344 0.039062 0.039062
0 0.739844 0.184375 0.045312 0.046875
0 0.930469 0.698438 0.054688 0.059375
0 0.314844 0.967187 0.057813 0.065625
0 0.886719 0.971875 0.048438 0.053125
0 0.878125 0.114844 0.034375 0.026562
0 0.210938 0.246875 0.115625 0.087500
0 0.105469 0.045312 0.085938 0.068750
0 0.371094 0.446094 0.070312 0.070312
0 0.858594 0.708594 0.051562 0.057813
0 0.781250 0.462500 0.068750 0.084375
0 0.617969 0.646094 0.048438 0.045312
0 0.625000 0.292969 0.081250 0.057813
0 0.974219 0.758594 0.048438 0.085938
0 0.418750 0.292969 0.046875 0.039062
0 0.311719 0.380469 0.067187 0.067187
0 0.564844 0.377344 0.042188 0.039062
0 0.323437 0.542188 0.081250 0.087500
0 0.686719 0.805469 0.098437 0.079687
0 0.846875 0.892969 0.096875 0.110937
0 0.367188 0.155469 0.065625 0.054688
0 0.634375 0.546875 0.068750 0.075000
0 0.671875 0.461719 0.059375 0.057813
0 0.492188 0.323437 0.071875 0.059375
0 0.742969 0.058594 0.070312 0.064062
0 0.675000 0.139844 0.065625 0.060937
0 0.580469 0.436719 0.048438 0.067187
0 0.781250 0.253125 0.065625 0.062500
0 0.596875 0.103125 0.053125 0.056250
0 0.355469 0.242969 0.076563 0.057813
0 0.217969 0.742969 0.114062 0.135937
0 0.439063 0.152344 0.059375 0.064062
0 0.264844 0.105469 0.070312 0.079687
0 0.367188 0.880469 0.075000 0.092188
0 0.157031 0.467187 0.035937 0.028125
