0 0.612500 0.853125 0.081250 0.065625
0 0.526563 0.840625 0.056250 0.065625
0 0.921094 0.578125 0.032813 0.031250
0 0.760938 0.964844 0.093750 0.060937
0 0.783594 0.814844 0.045312 0.045312
0 0.040625 0.174219 0.056250 0.045312
0 0.846094 0.458594 0.035937 0.051562
0 0.496094 0.783594 0.076563 0.051562
0 0.729688 0.478125 0.071875 0.062500
0 0.984375 0.977344 0.031250 0.039062
0 0.630469 0.408594 0.057813 0.051562
0 0.830469 0.184375 0.073438 0.056250
0 0.680469 0.775000 0.035937 0.034375
0 0.556250 0.577344 0.071875 0.051562
0 0.546875 0.705469 0.068750 0.085938
0 0.862500 0.956250 0.043750 0.046875
0 0.590625 0.683594 0.056250 0.057813
0 0.646875 0.524219 0.046875 0.057813
0 0.971875 0.249219 0.053125 0.057813
0 0.918750 0.867188 0.093750 0.103125
0 0.652344 0.615625 0.070312 0.065625
0 0.355469 0.833594 0.070312 0.070312
0 0.196094 0.917188 0.073438 0.065625
0 0.725000 0.715625 0.090625 0.112500
0 0.050000 0.521875 0.100000 0.137500
