0 0.514062 0.262500 0.056250 0.043750
0 0.089844 0.784375 0.032813 0.028125
0 0.650000 0.565625 0.043750 0.050000
0 0.030469 0.802344 0.051562 0.042188
0 0.982812 0.399219 0.034375 0.076563
0 0.742969 0.603125 0.057813 0.037500
0 0.362500 0.212500 0.046875 0.040625
0 0.605469 0.433594 0.039062 0.042188
0 0.015625 0.026562 0.031250 0.053125
0 0.296875 0.786719 0.034375 0.032813
0 0.511719 0.152344 0.067187 0.042188
0 0.640625 0.903125 0.043750 0.034375
0 0.356250 0.082031 0.037500 0.042188
0 0.558594 0.987500 0.054688 0.021875
0 0.956250 0.236719 0.078125 0.060937
0 0.246875 0.877344 0.075000 0.051562
0 0.367969 0.167969 0.048438 0.042188
0 0.196094 0.979688 0.051562 0.037500
0 0.034375 0.971875 0.043750 0.037500
0 0.935937 0.078125 0.081250 0.068750
0 0.911719 0.162500 0.079687 0.071875
0 0.239063 0.165625 0.050000 0.062500
