0 0.383594 0.409375 0.042188 0.043750
0 0.762500 0.367188 0.040625 0.037500
0 0.603125 0.827344 0.031250 0.026562
0 0.600000 0.231250 0.050000 0.034375
0 0.881250 0.012500 0.046875 0.025000
0 0.193750 0.658594 0.062500 0.054688
0 0.234375 0.802344 0.056250 0.035937
0 0.046094 0.982812 0.042188 0.031250
0 0.517969 0.852344 0.048438 0.048438
0 0.858594 0.684375 0.042188 0.037500
0 0.667188 0.717969 0.034375 0.042188
0 0.714844 0.900000 0.039062 0.040625
0 0.830469 0.378125 0.051562 0.043750
0 0.105469 0.826562 0.045312 0.040625
0 0.689844 0.773438 0.054688 0.043750
0 0.774219 0.914844 0.039062 0.029687
0 0.514844 0.343750 0.048438 0.037500
0 0.354687 0.902344 0.040625 0.035937
0 0.277344 0.336719 0.045312 0.032813
0 0.323437 0.652344 0.081250 0.042188
0 0.176563 0.526563 0.065625 0.043750
0 0.199219 0.908594 0.060937 0.064062
0 0.807813 0.433594 0.078125 0.045312
0 0.631250 0.730469 0.050000 0.032813
0 0.908594 0.305469 0.051562 0.048438
0 0.411719 0.952344 0.085938 0.070312
0 0.315625 0.559375 0.065625 0.043750
0 0.236719 0.752344 0.073438 0.054688
0 0.932813 0.796094 0.043750 0.035937
0 0.072656 0.746094 0.054688 0.042188
0 0.871094 0.479687 0.048438 0.037500
0 0.249219 0.462500 0.051562 0.053125
0 0.356250 0.612500 0.078125 0.046875
0 0.311719 0.433594 0.045312 0.042188
0 0.764844 0.302344 0.045312 0.042188
0 0.035156 0.929688 0.039062 0.040625
0 0.558594 0.015625 0.054688 0.031250
0 0.877344 0.628125 0.048438 0.034375
0 0.392188 0.495312 0.068750 0.062500
0 0.358594 0.317969 0.079687 0.057813
