0 0.550000 0.375000 0.046875 0.043750
0 0.308594 0.846875 0.035937 0.037500
0 0.611719 0.703125 0.051562 0.056250
0 0.581250 0.839844 0.059375 0.051562
0 0.843750 0.989844 0.040625 0.017188
0 0.567969 0.799219 0.057813 0.045312
0 0.760938 0.553125 0.037500 0.034375
0 0.787500 0.121094 0.028125 0.026562
0 0.590625 0.984375 0.056250 0.028125
0 0.889062 0.984375 0.037500 0.028125
0 0.009375 0.107813 0.018750 0.037500
0 0.574219 0.534375 0.045312 0.040625
0 0.446094 0.472656 0.076563 0.051562
0 0.721875 0.620313 0.056250 0.059375
0 0.484375 0.812500 0.046875 0.053125
0 0.053906 0.405469 0.035937 0.023438
0 0.121875 0.899219 0.043750 0.032813
0 0.783594 0.200000 0.032813 0.031250
0 0.867969 0.668750 0.060937 0.037500
0 0.896094 0.492969 0.092188 0.076563
0 0.864844 0.355469 0.070312 0.042188
0 0.234375 0.098437 0.046875 0.040625
0 0.877344 0.925000 0.045312 0.040625
0 0.033594 0.971094 0.048438 0.051562
0 0.464844 0.631250 0.051562 0.046875
0 0.340625 0.984375 0.050000 0.031250
0 0.352344 0.886719 0.104688 0.067187
0 0.699219 0.299219 0.054688 0.032813
0 0.921094 0.046094 0.054688 0.035937
0 0.523438 0.455469 0.062500 0.048438
0 0.804688 0.917188 0.034375 0.037500
0 0.680469 0.951562 0.067187 0.050000
0 0.814844 0.706250 0.042188 0.037500
0 0.196875 0.892969 0.040625 0.035937
0 0.450000 0.686719 0.053125 0.054688
0 0.689844 0.555469 0.051562 0.039062
0 0.796875 0.611719 0.056250 0.042188
0 0.296875 0.664844 0.050000 0.051562
0 0.683594 0.242969 0.051562 0.039062
0 0.408594 0.109375 0.051562 0.037500
0 0.889844 0.296094 0.076563 0.051562
0 0.683594 0.414844 0.076563 0.060937
0 0.492969 0.937500 0.107813 0.090625
0 0.296094 0.227344 0.070312 0.048438
0 0.618750 0.459375 0.053125 0.078125
0 0.505469 0.035156 0.079687 0.054688
0 0.796094 0.665625 0.060937 0.050000
0 0.483594 0.114062 0.070312 0.053125
0 0.408594 0.758594 0.067187 0.076563
0 0.271875 0.452344 0.050000 0.042188
0 0.136719 0.828125 0.064062 0.043750
0 0.328125 0.492188 0.043750 0.043750
0 0.789844 0.760938 0.051562 0.037500
0 0.057813 0.628125 0.065625 0.065625
