0 0.742969 0.302344 0.039062 0.035937
0 0.575000 0.378125 0.037500 0.037500
0 0.452344 0.953125 0.048438 0.071875
0 0.636719 0.943750 0.057813 0.050000
0 0.987500 0.458594 0.021875 0.070312
0 0.699219 0.960938 0.079687 0.075000
0 0.193750 0.261719 0.112500 0.073438
0 0.946094 0.775000 0.054688 0.050000
0 0.912500 0.209375 0.037500 0.037500
0 0.304688 0.246094 0.100000 0.101562
0 0.776563 0.984375 0.062500 0.031250
0 0.220312 0.980469 0.062500 0.035937
0 0.086719 0.737500 0.039062 0.037500
0 0.942969 0.596094 0.067187 0.048438
0 0.042188 0.767969 0.046875 0.045312
0 0.871875 0.091406 0.065625 0.051562
0 0.487500 0.208594 0.103125 0.098437
0 0.353125 0.306250 0.128125 0.131250
0 0.893750 0.799219 0.081250 0.076563
0 0.152344 0.339844 0.060937 0.095312
0 0.677344 0.061719 0.054688 0.051562
0 0.565625 0.479687 0.053125 0.053125
0 0.114844 0.664844 0.067187 0.064062
0 0.746094 0.899219 0.107813 0.101562
0 0.664844 0.283594 0.064062 0.051562
0 0.961719 0.696094 0.064062 0.089063
0 0.412500 0.815625 0.043750 0.040625
0 0.225000 0.475000 0.050000 0.062500
0 0.340625 0.018750 0.046875 0.037500
0 0.583594 0.717187 0.064062 0.059375
0 0.665625 0.578125 0.040625 0.043750
0 0.977344 0.059375 0.045312 0.084375
0 0.931250 0.070312 0.043750 0.050000
0 0.979688 0.305469 0.040625 0.067187
0 0.283594 0.878125 0.057813 0.065625
0 0.430469 0.358594 0.079687 0.064062
0 0.492188 0.977344 0.059375 0.045312
0 0.328125 0.958594 0.115625 0.082812
0 0.321094 0.159375 0.064062 0.053125
0 0.689844 0.130469 0.048438 0.057813
0 0.600000 0.889844 0.065625 0.054688
0 0.496875 0.108594 0.090625 0.092188
0 0.167969 0.714063 0.054688 0.046875
0 0.814844 0.586719 0.054688 0.064062
0 0.127344 0.911719 0.073438 0.076563
0 0.027344 0.942969 0.054688 0.057813
0 0.846094 0.439063 0.064062 0.065625
0 0.827344 0.038281 0.073438 0.067187
0 0.461719 0.628125 0.073438 0.062500
0 0.087500 0.134375 0.084375 0.103125
0 0.628125 0.124219 0.071875 0.076563
0 0.162500 0.063281 0.071875 0.067187
0 0.271875 0.589063 0.131250 0.125000
0 0.764844 0.521094 0.076563 0.079687
