0 0.536719 0.533594 0.079687 0.145313
0 0.705469 0.192969 0.067187 0.064062
0 0.471875 0.330469 0.046875 0.035937
0 0.365625 0.990625 0.040625 0.018750
0 0.325000 0.505469 0.050000 0.060937
0 0.934375 0.655469 0.043750 0.054688
0 0.281250 0.283594 0.081250 0.076563
0 0.648438 0.300000 0.043750 0.031250
0 0.240625 0.708594 0.059375 0.060937
0 0.680469 0.652344 0.045312 0.045312
0 0.953125 0.737500 0.043750 0.040625
0 0.628906 0.191406 0.067187 0.060937
0 0.017188 0.346094 0.034375 0.051562
0 0.775000 0.833594 0.043750 0.057813
0 0.568750 0.409375 0.065625 0.059375
0 0.362500 0.440625 0.053125 0.062500
0 0.943750 0.017188 0.053125 0.034375
0 0.760938 0.242969 0.075000 0.067187
0 0.514062 0.861719 0.059375 0.076563
0 0.796875 0.725000 0.053125 0.059375
0 0.015625 0.767969 0.031250 0.104688
0 0.302344 0.846875 0.057813 0.062500
0 0.443750 0.979688 0.046875 0.040625
0 0.321094 0.200000 0.126562 0.087500
0 0.214844 0.331250 0.073438 0.093750
0 0.040625 0.014063 0.050000 0.028125
0 0.721094 0.396094 0.085938 0.054688
0 0.836719 0.855469 0.054688 0.085938
0 0.752344 0.892188 0.073438 0.065625
0 0.152344 0.374219 0.054688 0.054688
0 0.262500 0.368750 0.053125 0.050000
0 0.371094 0.312500 0.089063 0.121875
0 0.180469 0.277344 0.095312 0.067187
0 0.266406 0.495312 0.051562 0.087500
0 0.611719 0.471875 0.054688 0.084375
0 0.177344 0.621094 0.045312 0.064062
0 0.545312 0.930469 0.103125 0.129688
0 0.674219 0.580469 0.064062 0.070312
0 0.710938 0.778125 0.075000 0.100000
0 0.097656 0.812500 0.067187 0.075000
0 0.752344 0.135156 0.089063 0.092188
0 0.896094 0.037500 0.079687 0.068750
0 0.605469 0.753125 0.067187 0.059375
0 0.633594 0.531250 0.089063 0.103125
0 0.146094 0.984375 0.060937 0.031250
0 0.312500 0.958594 0.087500 0.079687
0 0.409375 0.868750 0.096875 0.125000
0 0.396875 0.750000 0.100000 0.093750
0 0.828125 0.590625 0.109375 0.096875
0 0.283594 0.117969 0.057813 0.067187
0 0.628125 0.934375 0.103125 0.125000
0 0.671094 0.249219 0.067187 0.051562
0 0.915625 0.925000 0.050000 0.068750
0 0.409375 0.054688 0.043750 0.043750
0 0.217969 0.546094 0.054688 0.060937
0 0.490625 0.223438 0.059375 0.062500
0 0.485938 0.767969 0.071875 0.073438
0 0.165625 0.833594 0.071875 0.092188
0 0.835938 0.459375 0.118750 0.131250
0 0.127344 0.539844 0.064062 0.082812
0 0.085938 0.286719 0.056250 0.054688
0 0.596875 0.130469 0.062500 0.054688
0 0.249219 0.828125 0.054688 0.053125
0 0.026562 0.180469 0.053125 0.057813
0 0.127344 0.149219 0.073438 0.070312
0 0.456250 0.658594 0.100000 0.123438
0 0.475781 0.916406 0.039062 0.064062
0 0.315625 0.900000 0.043750 0.043750
0 0.453125 0.193750 0.056250 0.056250
0 0.318750 0.421875 0.050000 0.075000
0 0.015625 0.442188 0.025000 0.028125
