0 0.455469 0.096094 0.039062 0.045312
0 0.249219 0.983594 0.051562 0.029687
0 0.108594 0.906250 0.054688 0.037500
0 0.674219 0.177344 0.057813 0.073438
0 0.683594 0.649219 0.045312 0.042188
0 0.942969 0.646875 0.048438 0.043750
0 0.846875 0.186719 0.068750 0.067187
0 0.989844 0.196875 0.020313 0.059375
0 0.736719 0.693750 0.042188 0.040625
0 0.861719 0.262500 0.042188 0.040625
0 0.624219 0.842969 0.064062 0.051562
0 0.196875 0.318750 0.037500 0.037500
0 0.749219 0.028125 0.060937 0.056250
0 0.142187 0.505469 0.043750 0.067187
0 0.060937 0.971875 0.059375 0.046875
0 0.371875 0.032813 0.043750 0.037500
0 0.539844 0.015625 0.085938 0.031250
0 0.774219 0.220312 0.045312 0.031250
0 0.899219 0.514062 0.064062 0.053125
0 0.633594 0.667188 0.039062 0.037500
0 0.514844 0.768750 0.039062 0.043750
0 0.015625 0.249219 0.031250 0.064062
0 0.737500 0.843750 0.046875 0.046875
0 0.546094 0.475000 0.042188 0.040625
0 0.749219 0.093750 0.076563 0.059375
0 0.015625 0.979688 0.031250 0.040625
0 0.137500 0.701562 0.068750 0.078125
0 0.667969 0.616406 0.045312 0.032813
0 0.974219 0.114062 0.048438 0.068750
0 0.346094 0.796094 0.042188 0.035937
0 0.758594 0.884375 0.067187 0.059375
0 0.584375 0.685937 0.040625 0.037500
0 0.567969 0.750000 0.048438 0.053125
0 0.352344 0.699219 0.048438 0.054688
0 0.883594 0.082812 0.045312 0.043750
0 0.089063 0.855469 0.062500 0.060937
0 0.192969 0.521875 0.073438 0.075000
0 0.481250 0.496094 0.040625 0.035937
0 0.196875 0.158594 0.050000 0.048438
0 0.740625 0.180469 0.053125 0.057813
0 0.465625 0.235937 0.040625 0.053125
0 0.290625 0.305469 0.068750 0.051562
0 0.199219 0.835938 0.054688 0.056250
0 0.650000 0.432812 0.053125 0.059375
0 0.353125 0.586719 0.071875 0.089063
0 0.537500 0.227344 0.078125 0.089063
0 0.040625 0.461719 0.053125 0.060937
0 0.555469 0.318750 0.064062 0.065625
0 0.292969 0.927344 0.067187 0.057813
0 0.636719 0.508594 0.064062 0.060937
