0 0.392969 0.255469 0.045312 0.048438
0 0.978125 0.146094 0.043750 0.057813
0 0.778906 0.059375 0.039062 0.037500
0 0.748437 0.409375 0.062500 0.068750
0 0.314844 0.228125 0.051562 0.068750
0 0.033594 0.150000 0.054688 0.046875
0 0.134375 0.471875 0.068750 0.065625
0 0.817969 0.578125 0.051562 0.040625
0 0.209375 0.680469 0.068750 0.042188
0 0.112500 0.523438 0.043750 0.043750
0 0.760938 0.927344 0.053125 0.060937
0 0.700781 0.940625 0.076563 0.090625
0 0.359375 0.207813 0.050000 0.056250
0 0.871875 0.560937 0.031250 0.034375
0 0.293750 0.180469 0.068750 0.048438
0 0.392969 0.071875 0.045312 0.053125
0 0.793750 0.500000 0.062500 0.068750
0 0.233594 0.562500 0.051562 0.053125
0 0.615625 0.939844 0.037500 0.039062
0 0.892969 0.653125 0.048438 0.053125
0 0.487500 0.936719 0.096875 0.073438
0 0.852344 0.977344 0.054688 0.045312
0 0.364844 0.389844 0.045312 0.067187
0 0.196875 0.196094 0.053125 0.057813
0 0.384375 0.136719 0.068750 0.060937
0 0.703125 0.106250 0.053125 0.050000
0 0.409375 0.352344 0.050000 0.057813
0 0.145313 0.236719 0.075000 0.064062
0 0.103125 0.087500 0.084375 0.071875
0 0.967969 0.575000 0.060937 0.078125
0 0.787500 0.730469 0.059375 0.060937
0 0.656250 0.370312 0.050000 0.056250
0 0.596875 0.380469 0.059375 0.095312
0 0.289844 0.118750 0.064062 0.059375
0 0.511719 0.339844 0.073438 0.079687
0 0.728125 0.654687 0.081250 0.081250
0 0.831250 0.786719 0.068750 0.057813
0 0.045312 0.380469 0.090625 0.107813
0 0.712500 0.740625 0.059375 0.062500
0 0.596875 0.253125 0.056250 0.056250
0 0.742188 0.879687 0.040625 0.040625
0 0.554688 0.091406 0.078125 0.076563
