0 0.875000 0.461719 0.043750 0.045312
0 0.703125 0.624219 0.040625 0.035937
0 0.780469 0.846094 0.054688 0.070312
0 0.734375 0.096094 0.040625 0.035937
0 0.800000 0.915625 0.050000 0.056250
0 0.971875 0.861719 0.050000 0.110937
0 0.792969 0.411719 0.070312 0.060937
0 0.098437 0.817969 0.046875 0.045312
0 0.799219 0.978125 0.057813 0.043750
0 0.975000 0.955469 0.046875 0.070312
0 0.053125 0.796094 0.053125 0.035937
0 0.067187 0.978125 0.093750 0.043750
0 0.768750 0.124219 0.071875 0.064062
0 0.355469 0.777344 0.057813 0.064062
0 0.792969 0.280469 0.079687 0.060937
0 0.854688 0.859375 0.075000 0.084375
0 0.200000 0.567969 0.053125 0.054688
0 0.753125 0.043750 0.081250 0.059375
0 0.765625 0.346875 0.068750 0.062500
0 0.727344 0.446875 0.098437 0.096875
0 0.802344 0.640625 0.042188 0.046875
0 0.155469 0.837500 0.067187 0.050000
0 0.834375 0.496875 0.062500 0.068750
0 0.659375 0.038281 0.093750 0.076563
0 0.837500 0.675000 0.053125 0.053125
0 0.042188 0.849219 0.062500 0.057813
0 0.267969 0.459375 0.085938 0.071875
0 0.956250 0.057813 0.084375 0.081250
0 0.117969 0.917969 0.048438 0.048438
0 0.934375 0.767969 0.093750 0.107813
0 0.640625 0.660156 0.093750 0.048438
