0 0.327344 0.300000 0.035937 0.043750
0 0.006250 0.674219 0.012500 0.039062
0 0.405469 0.192969 0.035937 0.039062
0 0.114062 0.152344 0.040625 0.032813
0 0.533594 0.186719 0.051562 0.042188
0 0.014063 0.056250 0.028125 0.068750
0 0.014063 0.303125 0.028125 0.075000
0 0.821094 0.765625 0.057813 0.103125
0 0.153125 0.424219 0.034375 0.032813
0 0.904687 0.871094 0.065625 0.082812
0 0.017188 0.505469 0.034375 0.039062
0 0.046094 0.659375 0.067187 0.056250
0 0.977344 0.050000 0.045312 0.059375
0 0.977344 0.235937 0.042188 0.040625
0 0.792969 0.023438 0.085938 0.046875
0 0.417969 0.305469 0.067187 0.067187
0 0.977344 0.585938 0.042188 0.043750
0 0.058594 0.018750 0.079687 0.037500
0 0.986719 0.692969 0.026562 0.085938
0 0.305469 0.107813 0.064062 0.056250
0 0.761719 0.686719 0.089063 0.095312
0 0.533594 0.949219 0.057813 0.092188
0 0.090625 0.193750 0.056250 0.046875
0 0.148438 0.639844 0.056250 0.045312
0 0.014063 0.462500 0.028125 0.043750
0 0.239844 0.029687 0.045312 0.050000
0 0.456250 0.953125 0.096875 0.090625
0 0.018750 0.618750 0.037500 0.040625
0 0.034375 0.193750 0.043750 0.040625
0 0.979688 0.105469 0.040625 0.051562
0 0.826562 0.289844 0.150000 0.129688
0 0.071875 0.757812 0.068750 0.065625
0 0.192969 0.231250 0.051562 0.056250
0 0.479687 0.156250 0.071875 0.056250
0 0.886719 0.756250 0.073438 0.103125
0 0.805469 0.434375 0.064062 0.068750
0 0.859375 0.100000 0.103125 0.103125
0 0.787500 0.933594 0.159375 0.132812
