0 0.592969 0.512500 0.035937 0.062500
0 0.243750 0.896875 0.043750 0.059375
0 0.057031 0.023438 0.092188 0.043750
0 0.231250 0.581250 0.050000 0.037500
0 0.917969 0.797656 0.073438 0.085938
0 0.889062 0.974219 0.068750 0.048438
0 0.658594 0.699219 0.060937 0.057813
0 0.323437 0.362500 0.068750 0.081250
0 0.536719 0.902344 0.057813 0.045312
0 0.276562 0.358594 0.053125 0.051562
0 0.867969 0.746875 0.064062 0.096875
0 0.292969 0.521094 0.045312 0.042188
0 0.387500 0.496094 0.046875 0.048438
0 0.150000 0.637500 0.056250 0.043750
0 0.905469 0.112500 0.064062 0.075000
0 0.143750 0.680469 0.053125 0.054688
0 0.251563 0.273438 0.106250 0.071875
0 0.214844 0.671094 0.045312 0.048438
0 0.533594 0.184375 0.054688 0.087500
0 0.303125 0.768750 0.059375 0.093750
0 0.886719 0.025000 0.073438 0.050000
0 0.402344 0.437500 0.045312 0.062500
0 0.821094 0.026562 0.054688 0.053125
0 0.146875 0.881250 0.053125 0.090625
0 0.180469 0.789844 0.039062 0.039062
0 0.408594 0.783594 0.051562 0.067187
0 0.745313 0.702344 0.056250 0.064062
0 0.450000 0.211719 0.100000 0.129688
0 0.792969 0.181250 0.139063 0.150000
0 0.075000 0.340625 0.112500 0.128125
0 0.933594 0.262500 0.060937 0.081250
0 0.707031 0.161719 0.039062 0.048438
