0 0.636719 0.205469 0.039062 0.045312
0 0.298438 0.148438 0.037500 0.037500
0 0.231250 0.818750 0.071875 0.062500
0 0.095312 0.532813 0.046875 0.056250
0 0.617969 0.814844 0.051562 0.076563
0 0.834375 0.755469 0.043750 0.054688
0 0.011719 0.968750 0.023438 0.053125
0 0.768750 0.764844 0.053125 0.051562
0 0.546875 0.204687 0.053125 0.050000
0 0.032813 0.890625 0.046875 0.065625
0 0.014063 0.189844 0.028125 0.045312
0 0.721094 0.186719 0.035937 0.039062
0 0.746094 0.600000 0.064062 0.056250
0 0.424219 0.983594 0.079687 0.029687
0 0.014063 0.114844 0.028125 0.057813
0 0.296875 0.386719 0.075000 0.085938
0 0.068750 0.041406 0.050000 0.042188
0 0.868750 0.692969 0.065625 0.060937
0 0.017188 0.053906 0.034375 0.042188
0 0.083594 0.989844 0.035937 0.020313
0 0.327344 0.767969 0.042188 0.039062
0 0.600781 0.560156 0.039062 0.032813
0 0.350000 0.261719 0.081250 0.079687
0 0.826562 0.087500 0.081250 0.075000
0 0.795312 0.150000 0.053125 0.100000
0 0.177344 0.470313 0.042188 0.046875
0 0.051562 0.940625 0.050000 0.050000
0 0.935937 0.724219 0.040625 0.045312
0 0.631250 0.658594 0.050000 0.048438
0 0.732812 0.402344 0.043750 0.051562
0 0.920312 0.643750 0.046875 0.062500
0 0.830469 0.346094 0.079687 0.085938
0 0.339844 0.911719 0.070312 0.051562
0 0.877344 0.974219 0.085938 0.051562
0 0.434375 0.314844 0.071875 0.064062
0 0.136719 0.617188 0.054688 0.059375
0 0.960938 0.937500 0.059375 0.062500
0 0.887500 0.574219 0.068750 0.085938
0 0.060937 0.692969 0.065625 0.054688
0 0.671094 0.968750 0.085938 0.062500
0 0.955469 0.508594 0.079687 0.070312
0 0.246094 0.655469 0.054688 0.064062
