0 0.984375 0.171094 0.031250 0.042188
0 0.827344 0.192969 0.039062 0.048438
0 0.176563 0.565625 0.081250 0.081250
0 0.683594 0.453125 0.073438 0.056250
0 0.855469 0.681250 0.060937 0.053125
0 0.374219 0.953125 0.029687 0.034375
0 0.467969 0.091406 0.042188 0.035937
0 0.730469 0.114844 0.032813 0.035937
0 0.359375 0.221875 0.050000 0.043750
0 0.155469 0.531250 0.054688 0.056250
0 0.786719 0.990625 0.039062 0.018750
0 0.360938 0.486719 0.068750 0.048438
0 0.392188 0.740625 0.056250 0.050000
0 0.065625 0.514062 0.059375 0.043750
0 0.761719 0.774219 0.042188 0.039062
0 0.796094 0.635938 0.039062 0.040625
0 0.167969 0.536719 0.082812 0.085938
0 0.067969 0.464844 0.051562 0.048438
0 0.802344 0.094531 0.054688 0.039062
0 0.414844 0.964844 0.042188 0.042188
0 0.345313 0.114844 0.046875 0.039062
0 0.842969 0.696875 0.092188 0.087500
0 0.580469 0.046094 0.060937 0.039062
0 0.608594 0.849219 0.057813 0.051562
0 0.068750 0.033594 0.068750 0.064062
0 0.824219 0.386719 0.045312 0.051562
0 0.561719 0.240625 0.042188 0.043750
0 0.392969 0.711719 0.057813 0.057813
0 0.981250 0.374219 0.037500 0.073438
0 0.656250 0.425000 0.056250 0.043750
0 0.042969 0.667969 0.042188 0.042188
0 0.836719 0.437500 0.048438 0.056250
0 0.931250 0.593750 0.040625 0.050000
0 0.017188 0.568750 0.034375 0.062500
0 0.432812 0.340625 0.050000 0.050000
0 0.652344 0.692969 0.064062 0.064062
0 0.617969 0.393750 0.029687 0.034375
0 0.677344 0.048438 0.076563 0.081250
0 0.630469 0.971875 0.082812 0.053125
0 0.434375 0.677344 0.043750 0.054688
0 0.142969 0.796875 0.051562 0.046875
0 0.705469 0.465625 0.054688 0.053125
0 0.403125 0.931250 0.087500 0.109375
0 0.877344 0.867969 0.051562 0.054688
0 0.446094 0.458594 0.042188 0.045312
0 0.612500 0.739844 0.056250 0.060937
0 0.500000 0.453125 0.046875 0.043750
0 0.877344 0.020313 0.082812 0.040625
0 0.324219 0.552344 0.051562 0.048438
0 0.368750 0.296094 0.046875 0.045312
0 0.450000 0.403125 0.062500 0.065625
0 0.659375 0.828125 0.050000 0.056250
0 0.862500 0.576562 0.056250 0.046875
0 0.234375 0.932813 0.075000 0.065625
0 0.705469 0.624219 0.067187 0.085938
0 0.714844 0.958594 0.073438 0.073438
0 0.286719 0.706250 0.098437 0.093750
0 0.304688 0.958594 0.081250 0.076563
0 0.964844 0.524219 0.064062 0.067187
0 0.752344 0.389844 0.054688 0.067187
0 0.746875 0.268750 0.046875 0.050000
0 0.786719 0.911719 0.067187 0.070312
