0 0.614062 0.903125 0.037500 0.037500
0 0.211719 0.471875 0.042188 0.043750
0 0.010937 0.063281 0.021875 0.048438
0 0.699219 0.842969 0.042188 0.060937
0 0.364844 0.042969 0.035937 0.048438
0 0.503125 0.917188 0.050000 0.056250
0 0.439844 0.042969 0.032813 0.035937
0 0.293750 0.311719 0.043750 0.035937
0 0.396875 0.752344 0.062500 0.070312
0 0.386719 0.475000 0.048438 0.053125
0 0.534375 0.558594 0.046875 0.048438
0 0.431250 0.533594 0.056250 0.042188
0 0.030469 0.950000 0.060937 0.075000
0 0.391406 0.021094 0.070312 0.042188
0 0.458594 0.767969 0.051562 0.054688
0 0.631250 0.467969 0.040625 0.042188
0 0.784375 0.264844 0.046875 0.042188
0 0.284375 0.596094 0.046875 0.048438
0 0.165625 0.968750 0.046875 0.056250
0 0.564844 0.235937 0.082812 0.056250
0 0.496094 0.525000 0.057813 0.053125
0 0.318750 0.549219 0.065625 0.079687
0 0.683594 0.434375 0.067187 0.053125
0 0.129688 0.302344 0.125000 0.120313
0 0.296875 0.184375 0.062500 0.046875
0 0.940625 0.557813 0.093750 0.121875
0 0.703125 0.625000 0.050000 0.084375
0 0.371094 0.546875 0.045312 0.062500
0 0.564844 0.936719 0.051562 0.057813
0 0.387500 0.953125 0.043750 0.050000
0 0.029687 0.862500 0.059375 0.112500
0 0.874219 0.364844 0.048438 0.070312
0 0.577344 0.496094 0.079687 0.085938
0 0.920312 0.762500 0.053125 0.053125
0 0.643750 0.625000 0.065625 0.059375
0 0.105469 0.948438 0.057813 0.059375
0 0.656250 0.384375 0.050000 0.062500
0 0.921875 0.686719 0.068750 0.076563
0 0.780469 0.017188 0.060937 0.034375
0 0.477344 0.068750 0.042188 0.043750
0 0.475000 0.340625 0.081250 0.068750
0 0.082812 0.585938 0.071875 0.071875
0 0.640625 0.114844 0.084375 0.085938
0 0.550000 0.418750 0.075000 0.050000
0 0.659375 0.239844 0.059375 0.076563
0 0.217969 0.539844 0.067187 0.070312
0 0.102344 0.495312 0.104688 0.100000
0 0.952344 0.142969 0.054688 0.054688
0 0.952344 0.221094 0.089063 0.067187
0 0.955469 0.346875 0.073438 0.068750
0 0.115625 0.781250 0.075000 0.090625
0 0.777344 0.623437 0.089063 0.112500
0 0.732031 0.321875 0.023438 0.025000
