0 0.209375 0.079687 0.040625 0.043750
0 0.018750 0.046094 0.037500 0.057813
0 0.804688 0.778125 0.046875 0.053125
0 0.805469 0.477344 0.042188 0.048438
0 0.796875 0.717969 0.043750 0.048438
0 0.057031 0.032813 0.042188 0.053125
0 0.158594 0.768750 0.054688 0.056250
0 0.981250 0.885938 0.037500 0.090625
0 0.371094 0.934375 0.048438 0.053125
0 0.682813 0.980469 0.065625 0.035937
0 0.031250 0.708594 0.059375 0.042188
0 0.964844 0.732812 0.064062 0.093750
0 0.161719 0.009375 0.039062 0.018750
0 0.275000 0.981250 0.037500 0.037500
0 0.089844 0.990625 0.042188 0.018750
0 0.317969 0.949219 0.057813 0.042188
0 0.010937 0.102344 0.021875 0.048438
0 0.510938 0.849219 0.034375 0.032813
0 0.253125 0.037500 0.037500 0.037500
0 0.105469 0.492969 0.048438 0.045312
0 0.546094 0.821094 0.042188 0.045312
0 0.105469 0.800000 0.051562 0.068750
0 0.223438 0.242969 0.096875 0.085938
0 0.037500 0.652344 0.075000 0.060937
0 0.046875 0.750000 0.059375 0.050000
0 0.085938 0.114844 0.043750 0.054688
0 0.432812 0.136719 0.043750 0.076563
0 0.075000 0.339844 0.046875 0.051562
0 0.621094 0.555469 0.098437 0.104688
0 0.386719 0.767969 0.048438 0.064062
0 0.867969 0.089844 0.095312 0.060937
0 0.465625 0.109375 0.040625 0.062500
0 0.517969 0.377344 0.048438 0.048438
0 0.597656 0.637500 0.098437 0.084375
0 0.150000 0.671875 0.121875 0.150000
0 0.515625 0.064062 0.071875 0.071875
0 0.631250 0.246094 0.075000 0.082812
0 0.346094 0.133594 0.073438 0.079687
0 0.718750 0.433594 0.050000 0.079687
0 0.489844 0.205469 0.060937 0.067187
0 0.428125 0.762500 0.037500 0.043750
