0 0.555469 0.017188 0.045312 0.034375
0 0.180469 0.446094 0.039062 0.039062
0 0.431250 0.011719 0.037500 0.023438
0 0.889844 0.340625 0.048438 0.046875
0 0.974219 0.118750 0.048438 0.087500
0 0.261719 0.605469 0.057813 0.057813
0 0.080469 0.283594 0.045312 0.064062
0 0.534375 0.900000 0.028125 0.050000
0 0.803125 0.021875 0.053125 0.043750
0 0.255469 0.430469 0.054688 0.067187
0 0.196094 0.422656 0.029687 0.026562
0 0.158594 0.017188 0.057813 0.034375
0 0.271094 0.221875 0.042188 0.065625
0 0.184375 0.862500 0.081250 0.093750
0 0.514844 0.580469 0.042188 0.045312
0 0.405469 0.614844 0.035937 0.054688
0 0.371094 0.171094 0.051562 0.057813
0 0.317969 0.181250 0.057813 0.043750
0 0.508594 0.085938 0.032813 0.031250
0 0.980469 0.425000 0.035937 0.071875
0 0.424219 0.325000 0.048438 0.046875
0 0.546875 0.058594 0.043750 0.045312
0 0.690625 0.242969 0.084375 0.082812
0 0.237500 0.380469 0.062500 0.054688
0 0.145313 0.700000 0.046875 0.059375
0 0.942969 0.409375 0.054688 0.087500
0 0.640625 0.539844 0.046875 0.089063
0 0.787500 0.265625 0.065625 0.075000
0 0.452344 0.604688 0.060937 0.096875
0 0.384375 0.017188 0.050000 0.034375
0 0.100000 0.039062 0.062500 0.071875
0 0.330469 0.417187 0.067187 0.068750
0 0.865625 0.260937 0.062500 0.075000
0 0.461719 0.982812 0.042188 0.034375
0 0.787500 0.337500 0.078125 0.071875
0 0.259375 0.703125 0.109375 0.109375
0 0.165625 0.492969 0.056250 0.060937
0 0.514062 0.310937 0.059375 0.065625
0 0.052344 0.707812 0.051562 0.053125
