0 0.780469 0.260937 0.042188 0.046875
0 0.911719 0.314844 0.054688 0.060937
0 0.712500 0.914844 0.043750 0.042188
0 0.502344 0.834375 0.042188 0.043750
0 0.371875 0.109375 0.056250 0.046875
0 0.714844 0.407813 0.054688 0.040625
0 0.765625 0.806250 0.031250 0.043750
0 0.218750 0.728125 0.050000 0.040625
0 0.483594 0.787500 0.060937 0.075000
0 0.452344 0.495312 0.042188 0.050000
0 0.018750 0.034375 0.037500 0.068750
0 0.189062 0.078906 0.056250 0.067187
0 0.554688 0.786719 0.043750 0.045312
0 0.750000 0.139844 0.068750 0.054688
0 0.239063 0.235937 0.071875 0.081250
0 0.861719 0.330469 0.051562 0.076563
0 0.583594 0.097656 0.051562 0.054688
0 0.948438 0.399219 0.050000 0.045312
0 0.556250 0.742188 0.046875 0.050000
0 0.518750 0.296875 0.096875 0.093750
0 0.524219 0.971875 0.085938 0.056250
0 0.425000 0.064844 0.053125 0.048438
0 0.330469 0.305469 0.045312 0.045312
0 0.617969 0.471094 0.045312 0.064062
0 0.792969 0.439844 0.064062 0.060937
0 0.537500 0.136719 0.046875 0.051562
0 0.121094 0.850000 0.057813 0.059375
0 0.560937 0.455469 0.043750 0.039062
0 0.440625 0.583594 0.059375 0.064062
0 0.424219 0.701562 0.048438 0.059375
0 0.527344 0.021875 0.048438 0.043750
0 0.242969 0.795312 0.085938 0.065625
0 0.200000 0.940625 0.059375 0.065625
0 0.655469 0.181250 0.095312 0.087500
0 0.556250 0.383594 0.087500 0.085938
0 0.811719 0.221094 0.082812 0.089063
0 0.864844 0.549219 0.089063 0.101562
0 0.911719 0.149219 0.048438 0.051562
0 0.617969 0.759375 0.057813 0.062500
0 0.386719 0.968750 0.048438 0.062500
