0 0.540625 0.088281 0.034375 0.045312
0 0.080469 0.374219 0.042188 0.060937
0 0.034375 0.251563 0.034375 0.037500
0 0.440625 0.695312 0.071875 0.053125
0 0.337500 0.189844 0.050000 0.035937
0 0.789844 0.030469 0.039062 0.039062
0 0.009375 0.521094 0.018750 0.060937
0 0.496875 0.082812 0.037500 0.046875
0 0.664844 0.239844 0.045312 0.048438
0 0.100000 0.602344 0.056250 0.070312
0 0.165625 0.811719 0.043750 0.045312
0 0.956250 0.721094 0.050000 0.039062
0 0.840625 0.986719 0.071875 0.026562
0 0.058594 0.094531 0.057813 0.067187
0 0.126562 0.289844 0.046875 0.042188
0 0.385937 0.010937 0.040625 0.021875
0 0.356250 0.475000 0.037500 0.046875
0 0.352344 0.283594 0.048438 0.045312
0 0.146094 0.627344 0.054688 0.079687
0 0.470313 0.192969 0.084375 0.073438
0 0.536719 0.021094 0.057813 0.042188
0 0.403125 0.493750 0.043750 0.053125
0 0.034375 0.360938 0.062500 0.090625
0 0.209375 0.343750 0.037500 0.040625
0 0.920312 0.384375 0.046875 0.043750
0 0.329688 0.111719 0.056250 0.057813
0 0.276562 0.074219 0.062500 0.067187
0 0.858594 0.728125 0.076563 0.062500
0 0.088281 0.192969 0.054688 0.064062
0 0.235937 0.518750 0.050000 0.059375
