0 0.983594 0.849219 0.029687 0.042188
0 0.278125 0.981250 0.059375 0.037500
0 0.256250 0.125000 0.056250 0.031250
0 0.007031 0.635938 0.014063 0.031250
0 0.014063 0.331250 0.028125 0.056250
0 0.158594 0.862500 0.048438 0.046875
0 0.007031 0.211719 0.014063 0.039062
0 0.933594 0.900000 0.057813 0.043750
0 0.121875 0.073438 0.056250 0.059375
0 0.293750 0.487500 0.028125 0.028125
0 0.675000 0.746875 0.046875 0.037500
0 0.184375 0.206250 0.062500 0.040625
0 0.889844 0.974219 0.085938 0.048438
0 0.631250 0.274219 0.059375 0.064062
0 0.020313 0.506250 0.040625 0.043750
0 0.483594 0.380469 0.045312 0.057813
0 0.718750 0.206250 0.065625 0.084375
0 0.207813 0.930469 0.068750 0.079687
