0 0.881250 0.028906 0.068750 0.057813
0 0.809375 0.690625 0.031250 0.059375
0 0.203125 0.224219 0.053125 0.067187
0 0.303125 0.984375 0.056250 0.031250
0 0.396875 0.403125 0.040625 0.037500
0 0.030469 0.881250 0.060937 0.112500
0 0.246875 0.665625 0.065625 0.056250
0 0.605469 0.826562 0.064062 0.071875
0 0.627344 0.755469 0.104688 0.092188
0 0.275000 0.064062 0.046875 0.065625
0 0.650000 0.403125 0.090625 0.084375
0 0.852344 0.905469 0.039062 0.035937
0 0.905469 0.350000 0.092188 0.084375
0 0.906250 0.755469 0.034375 0.039062
0 0.836719 0.399219 0.082812 0.098437
0 0.736719 0.599219 0.064062 0.064062
0 0.409375 0.921094 0.062500 0.060937
0 0.527344 0.430469 0.042188 0.039062
0 0.661719 0.639844 0.082812 0.107813
0 0.765625 0.490625 0.093750 0.109375
