0 0.810937 0.239063 0.037500 0.034375
0 0.905469 0.007031 0.042188 0.014063
0 0.489844 0.971875 0.060937 0.053125
0 0.886719 0.315625 0.045312 0.037500
0 0.717969 0.252344 0.035937 0.039062
0 0.639062 0.017188 0.065625 0.034375
0 0.849219 0.143750 0.035937 0.034375
0 0.911719 0.256250 0.067187 0.078125
0 0.028906 0.114062 0.057813 0.103125
0 0.477344 0.317969 0.042188 0.060937
0 0.308594 0.249219 0.064062 0.079687
0 0.028125 0.421875 0.056250 0.090625
0 0.603125 0.053906 0.071875 0.095312
0 0.965625 0.946875 0.068750 0.106250
0 0.220312 0.284375 0.062500 0.068750
0 0.286719 0.364844 0.070312 0.073438
0 0.409375 0.161719 0.062500 0.057813
0 0.512500 0.890625 0.053125 0.053125
0 0.705469 0.615625 0.045312 0.059375
0 0.940625 0.517969 0.075000 0.085938
