0 0.607812 0.917188 0.046875 0.037500
0 0.592969 0.781250 0.057813 0.075000
0 0.975000 0.550000 0.046875 0.062500
0 0.624219 0.984375 0.067187 0.031250
0 0.783594 0.796094 0.064062 0.057813
0 0.977344 0.646094 0.042188 0.057813
0 0.515625 0.452344 0.040625 0.042188
0 0.511719 0.143750 0.085938 0.062500
0 0.968750 0.177344 0.059375 0.076563
0 0.477344 0.496875 0.073438 0.075000
0 0.527344 0.778125 0.098437 0.103125
0 0.836719 0.392969 0.089063 0.092188
0 0.709375 0.706250 0.100000 0.100000
0 0.393750 0.043750 0.093750 0.078125
0 0.955469 0.786719 0.085938 0.079687
