0 0.607812 0.153125 0.046875 0.037500
0 0.902344 0.492969 0.057813 0.051562
0 0.181250 0.621094 0.059375 0.045312
0 0.971875 0.381250 0.053125 0.096875
0 0.825000 0.510938 0.118750 0.106250
0 0.596875 0.026562 0.050000 0.053125
0 0.539844 0.031250 0.089063 0.062500
0 0.156250 0.706250 0.065625 0.053125
0 0.784375 0.035156 0.065625 0.054688
0 0.621094 0.242969 0.082812 0.067187
0 0.787500 0.312500 0.096875 0.109375
0 0.468750 0.886719 0.087500 0.085938
0 0.956250 0.030469 0.087500 0.060937
0 0.033594 0.958594 0.067187 0.079687
0 0.411719 0.725000 0.060937 0.065625
