0 0.066406 0.635938 0.042188 0.037500
0 0.787500 0.906250 0.059375 0.050000
0 0.330469 0.458594 0.042188 0.045312
0 0.199219 0.975000 0.073438 0.046875
0 0.243750 0.514844 0.043750 0.035937
0 0.360156 0.552344 0.035937 0.045312
0 0.370312 0.902344 0.046875 0.035937
0 0.111719 0.732812 0.051562 0.043750
0 0.186719 0.026562 0.048438 0.050000
0 0.258594 0.850000 0.064062 0.043750
0 0.539844 0.675000 0.054688 0.046875
0 0.899219 0.936719 0.045312 0.039062
0 0.968750 0.583594 0.059375 0.051562
0 0.492969 0.933594 0.057813 0.045312
0 0.621094 0.378125 0.076563 0.062500
0 0.356250 0.176563 0.062500 0.050000
0 0.583594 0.025000 0.051562 0.040625
0 0.092188 0.946094 0.093750 0.060937
0 0.603125 0.887500 0.087500 0.053125
0 0.021094 0.625000 0.042188 0.084375
0 0.233594 0.460938 0.079687 0.081250
0 0.352344 0.855469 0.085938 0.079687
0 0.946094 0.690625 0.048438 0.050000
0 0.702344 0.480469 0.079687 0.064062
0 0.511719 0.875000 0.082812 0.059375
0 0.309375 0.649219 0.068750 0.064062
0 0.158594 0.654687 0.073438 0.075000
