0 0.089844 0.114844 0.039062 0.032813
0 0.192969 0.009375 0.076563 0.018750
0 0.889062 0.948438 0.053125 0.034375
0 0.896094 0.568750 0.048438 0.037500
0 0.536719 0.974219 0.057813 0.039062
0 0.746094 0.714063 0.057813 0.050000
0 0.899219 0.984375 0.045312 0.028125
0 0.889844 0.621875 0.048438 0.031250
0 0.929688 0.942969 0.037500 0.035937
0 0.962500 0.552344 0.059375 0.045312
0 0.196875 0.515625 0.071875 0.053125
0 0.921094 0.315625 0.039062 0.031250
0 0.659375 0.655469 0.081250 0.051562
0 0.799219 0.924219 0.039062 0.035937
0 0.833594 0.268750 0.048438 0.043750
0 0.764844 0.180469 0.064062 0.042188
0 0.917188 0.381250 0.071875 0.046875
0 0.718750 0.225000 0.050000 0.037500
0 0.714063 0.065625 0.056250 0.050000
