0 0.134375 0.459375 0.056250 0.034375
0 0.417969 0.987500 0.048438 0.021875
0 0.933594 0.968750 0.073438 0.056250
0 0.742188 0.986719 0.059375 0.026562
0 0.165625 0.427344 0.103125 0.042188
0 0.134375 0.521875 0.065625 0.065625
0 0.683594 0.984375 0.079687 0.028125
0 0.968750 0.304688 0.062500 0.062500
0 0.900000 0.012500 0.050000 0.025000
0 0.693750 0.949219 0.046875 0.035937
0 0.670312 0.483594 0.071875 0.048438
0 0.377344 0.742188 0.051562 0.040625
0 0.714063 0.267969 0.118750 0.070312
0 0.759375 0.715625 0.062500 0.056250
0 0.515625 0.440625 0.065625 0.050000
0 0.361719 0.524219 0.070312 0.054688
0 0.889062 0.724219 0.071875 0.057813
0 0.607812 0.521875 0.084375 0.068750
0 0.486719 0.881250 0.070312 0.046875
0 0.393750 0.439844 0.100000 0.064062
0 0.952344 0.631250 0.092188 0.075000
0 0.289844 0.636719 0.076563 0.064062
