0 0.668750 0.615625 0.059375 0.065625
0 0.789844 0.098437 0.057813 0.059375
0 0.911719 0.142969 0.057813 0.045312
0 0.525000 0.655469 0.065625 0.057813
0 0.015625 0.880469 0.031250 0.051562
0 0.049219 0.940625 0.054688 0.043750
0 0.933594 0.446094 0.064062 0.039062
0 0.680469 0.018750 0.073438 0.037500
0 0.977344 0.730469 0.042188 0.064062
0 0.867969 0.072656 0.117188 0.098437
0 0.865625 0.605469 0.096875 0.064062
0 0.646875 0.393750 0.053125 0.040625
0 0.953125 0.783594 0.087500 0.082812
0 0.724219 0.407813 0.067187 0.053125
0 0.728125 0.832812 0.128125 0.109375
