0 0.571094 0.030469 0.045312 0.035937
0 0.648438 0.171094 0.050000 0.048438
0 0.832812 0.634375 0.128125 0.093750
0 0.015625 0.542969 0.031250 0.045312
0 0.010156 0.638281 0.020313 0.051562
0 0.734375 0.449219 0.056250 0.042188
0 0.371875 0.102344 0.062500 0.060937
0 0.528125 0.304688 0.046875 0.043750
0 0.265625 0.286719 0.078125 0.060937
0 0.361719 0.038281 0.042188 0.032813
0 0.013281 0.786719 0.026562 0.089063
0 0.189844 0.436719 0.067187 0.054688
0 0.821875 0.977344 0.065625 0.045312
0 0.489844 0.721875 0.045312 0.043750
0 0.356250 0.575000 0.093750 0.062500
0 0.212500 0.362500 0.068750 0.056250
0 0.950000 0.575000 0.096875 0.103125
0 0.505469 0.253125 0.073438 0.062500
0 0.696875 0.157812 0.062500 0.065625
0 0.817969 0.228125 0.092188 0.075000
0 0.617188 0.461719 0.068750 0.054688
0 0.018750 0.189062 0.037500 0.065625
0 0.627344 0.084375 0.079687 0.065625
0 0.384375 0.233594 0.109375 0.076563
0 0.736719 0.309375 0.089063 0.062500
0 0.667969 0.545312 0.073438 0.090625
