0 0.236719 0.565625 0.051562 0.037500
0 0.233594 0.621094 0.045312 0.029687
0 0.508594 0.925000 0.054688 0.050000
0 0.649219 0.492969 0.092188 0.054688
0 0.087500 0.714844 0.056250 0.045312
0 0.020313 0.649219 0.040625 0.039062
0 0.264844 0.315625 0.042188 0.031250
0 0.306250 0.553125 0.056250 0.046875
0 0.239844 0.986719 0.039062 0.026562
0 0.175000 0.268750 0.050000 0.043750
0 0.953125 0.383594 0.075000 0.064062
0 0.271094 0.943750 0.042188 0.037500
0 0.103125 0.180469 0.065625 0.042188
0 0.474219 0.038281 0.054688 0.042188
0 0.624219 0.136719 0.051562 0.042188
0 0.633594 0.075000 0.073438 0.056250
0 0.139844 0.924219 0.039062 0.035937
0 0.259375 0.380469 0.068750 0.048438
0 0.060937 0.227344 0.050000 0.035937
0 0.057031 0.065625 0.054688 0.050000
