0 0.349219 0.300000 0.054688 0.034375
0 0.277344 0.971875 0.070312 0.050000
0 0.014063 0.486719 0.028125 0.064062
0 0.082812 0.986719 0.056250 0.026562
0 0.920312 0.986719 0.056250 0.026562
0 0.303125 0.303125 0.040625 0.043750
0 0.034375 0.950000 0.043750 0.034375
0 0.031250 0.984375 0.062500 0.028125
0 0.239844 0.011719 0.042188 0.023438
0 0.054688 0.267969 0.103125 0.076563
0 0.100000 0.715625 0.065625 0.056250
0 0.436719 0.774219 0.076563 0.039062
0 0.818750 0.517969 0.125000 0.079687
0 0.231250 0.724219 0.065625 0.054688
0 0.936719 0.464844 0.089063 0.051562
0 0.568750 0.133594 0.081250 0.057813
0 0.393750 0.449219 0.068750 0.048438
0 0.486719 0.475000 0.098437 0.059375
0 0.706250 0.324219 0.059375 0.039062
0 0.439844 0.177344 0.104688 0.051562
0 0.965625 0.119531 0.068750 0.076563
0 0.455469 0.959375 0.092188 0.056250
0 0.410156 0.255469 0.092188 0.048438
0 0.305469 0.630469 0.114062 0.067187
0 0.667188 0.668750 0.090625 0.059375
0 0.718750 0.418750 0.109375 0.109375
0 0.564844 0.496875 0.067187 0.065625
0 0.827344 0.412500 0.076563 0.056250
