0 0.718750 0.262500 0.053125 0.053125
0 0.653125 0.596094 0.065625 0.064062
0 0.127344 0.095312 0.064062 0.059375
0 0.846875 0.487500 0.043750 0.040625
0 0.558594 0.481250 0.048438 0.056250
0 0.374219 0.465625 0.051562 0.046875
0 0.739844 0.939844 0.060937 0.045312
0 0.786719 0.687500 0.054688 0.100000
0 0.592969 0.430469 0.070312 0.073438
0 0.253125 0.142969 0.053125 0.042188
0 0.561719 0.033594 0.048438 0.039062
0 0.489844 0.493750 0.051562 0.034375
0 0.836719 0.805469 0.054688 0.045312
0 0.268750 0.446094 0.065625 0.035937
0 0.452344 0.421875 0.073438 0.075000
0 0.881250 0.975000 0.071875 0.046875
0 0.960938 0.032813 0.062500 0.046875
0 0.796094 0.221094 0.070312 0.051562
0 0.921875 0.314844 0.046875 0.045312
0 0.210938 0.073438 0.121875 0.096875
0 0.560937 0.692969 0.062500 0.042188
0 0.031250 0.020313 0.062500 0.040625
0 0.205469 0.607812 0.098437 0.065625
0 0.596875 0.650781 0.046875 0.029687
0 0.350000 0.734375 0.100000 0.071875
0 0.300000 0.786719 0.109375 0.079687
0 0.067187 0.831250 0.125000 0.115625
0 0.480469 0.874219 0.082812 0.073438
0 0.064844 0.407813 0.064062 0.056250
