0 0.381250 0.193750 0.046875 0.040625
0 0.162500 0.633594 0.118750 0.092188
0 0.911719 0.604688 0.054688 0.053125
0 0.821875 0.543750 0.046875 0.040625
0 0.075781 0.449219 0.054688 0.042188
0 0.389844 0.543750 0.076563 0.068750
0 0.878125 0.537500 0.068750 0.050000
0 0.949219 0.356250 0.079687 0.046875
0 0.309375 0.575000 0.140625 0.093750
0 0.023438 0.542969 0.046875 0.098437
0 0.515625 0.592969 0.062500 0.054688
0 0.164844 0.974219 0.067187 0.048438
0 0.074219 0.308594 0.082812 0.060937
0 0.165625 0.227344 0.090625 0.070312
0 0.033594 0.155469 0.067187 0.070312
0 0.937500 0.221094 0.121875 0.129688
0 0.371094 0.943750 0.129688 0.106250
